YKIC131213Loc_DoubleSound 1 500 -24 -0.2347 -0.6618 -0.8889 -3.0238 0.0926 0.5082 0.4816 0.1183 
YKIC131213Loc_DoubleSound 1 500 -6 -0.6511 0.5678 -0.9078 -5.2457 0.5391 0.3301 0.051 0.0907 
YKIC131213Loc_DoubleSound 1 500 6 41.1466 -0.3302 0.4598 -4.0252 0.4575 0.43 0.1493 0.4365 
YKIC131213Loc_DoubleSound 1 500 24 67.7483 -0.3699 0.3621 -0.6859 0.6731 0.3262 0.5178 0.1936 
YKIC131213Loc_DoubleSound 1 1100 -24 -1.1538 0.8675 0.2982 -3.5563 1.0227 0.0356 0.474 0.3093 
YKIC131213Loc_DoubleSound 1 1100 -6 2.7515 1.616 1.29 -0.7122 0.9277 0.2086 0.055 0.1855 
YKIC131213Loc_DoubleSound 1 1100 6 8.7351 -0.6286 0.3327 -6.9114 0.2964 0.4742 0.145 0.3441 
YKIC131213Loc_DoubleSound 1 1100 24 21.7741 -4.2809 0.2096 -11.2806 -2.9379 0.5386 0.5259 0.0175 
YKIC140121Loc_DoubleSound 1 500 -24 -0.854 9.9975 3.1833 0.8207 3.2868 0.3328 0.4221 0.0225 
YKIC140121Loc_DoubleSound 1 500 -6 0.8961 2.9789 1.4912 -2.1232 1.7003 0.658 0.4477 0.083 
YKIC140121Loc_DoubleSound 1 500 6 2.5485 1.937 0.985 0.4232 1.7615 0.4289 0.0837 0.1367 
YKIC140121Loc_DoubleSound 1 500 24 29.9589 -3.3309 0.3661 -13.0425 -7.6082 0.6255 0.7154 0.7419 
YKIC140121Loc_DoubleSound 1 1988 -24 -2.5665 -3.2166 -4.1692 0.3169 -2.1686 0.0025 0.4304 0.4422 
YKIC140121Loc_DoubleSound 1 1988 -6 4.3499 2.9518 1.2689 -3.1524 0.7511 0.0156 0.4334 0.2564 
YKIC140121Loc_DoubleSound 1 1988 6 11.1648 1.552 1.0023 -0.6079 1.0534 0.1572 0.0855 0.6283 
YKIC140121Loc_DoubleSound 1 1988 24 16.8719 4.6088 1.0398 -4.1153 -2.2181 0.0198 0.7091 0.3201 
YKIC140124Loc_DoubleSound 1 500 -24 -2.3043 2.1701 1.0765 0.7843 1.1831 0.5078 0.0071 0.5581 
YKIC140124Loc_DoubleSound 1 500 -6 7.8288 9.4686 1.4365 -3.843 -0.2636 0.0175 0.0341 0.0159 
YKIC140124Loc_DoubleSound 1 500 6 5.7436 6.089 0.6875 0.8956 2.3156 0.0581 0.0175 0.0786 
YKIC140124Loc_DoubleSound 1 500 24 25.2534 2.4661 0.774 -4.2678 -1.6335 0.4496 0.0362 0.75 
YKIC140124Loc_DoubleSound 2 500 -24 4.4394 -1.0946 -1.9183 0.4637 -0.2016 0.1228 0.1265 0.3572 
YKIC140124Loc_DoubleSound 2 500 -6 3.9202 7.9677 1.3332 -7.149 2.3703 0.5461 0.8779 0.1511 
YKIC140124Loc_DoubleSound 2 500 6 -1.4512 13.6709 0.9825 1.2639 2.4129 0.0561 0.0766 0.0015 
YKIC140124Loc_DoubleSound 2 500 24 24.9959 14.7476 0.9012 -11.0177 -7.0657 0.6282 0.1448 0.0238 
YKIC140128Loc_DoubleSound 1 500 -24 -1.4256 2.9698 1.4002 0.5099 1.6679 0.569 0.0657 0.9062 
YKIC140128Loc_DoubleSound 1 500 -6 -1.4742 1.0809 1.2281 0.5505 1.6018 0.0614 0.012 0.5606 
YKIC140128Loc_DoubleSound 1 500 6 17.9079 2.3637 0.9879 -4.2568 -2.0872 0.5865 0.1935 0.8073 
YKIC140128Loc_DoubleSound 1 500 24 22.288 1.3718 0.5198 0.7447 2.1811 0.376 0.1221 0.2455 
YKIC140128Loc_DoubleSound 1 1632 -24 0.7404 2.9474 1.3247 -3.4438 2.099 0.0114 0.0653 0.0863 
YKIC140128Loc_DoubleSound 1 1632 -6 0.6186 1.5763 1.2265 -2.6449 1.4833 0.668 0.0132 0.4169 
YKIC140128Loc_DoubleSound 1 1632 6 -2.3386 2.3399 2.2338 0.8514 2.4257 0.0948 0.1848 0.3191 
YKIC140128Loc_DoubleSound 1 1632 24 -2.4642 0.9378 1.4536 0.5819 1.9059 0.4606 0.1191 0.4011 
YKIC140128Loc_DoubleSound 2 500 -24 -1.7199 0.0403 0.6864 0.5638 1.0089 0.4265 0.6827 0.0685 
YKIC140128Loc_DoubleSound 2 500 -6 -1.3437 0.6177 1.3413 -0.3221 1.2446 0.4355 0.8323 0.5874 
YKIC140128Loc_DoubleSound 2 500 6 5.6639 1.1766 1.181 -2.9457 0.2815 0.3882 0.7806 0.7808 
YKIC140128Loc_DoubleSound 2 500 24 13.2038 1.4744 1.0953 -3.4853 -1.3881 0.7898 0.6165 0.3826 
YKIC140128Loc_DoubleSound 2 1632 -24 -0.5562 0.9071 1.264 -1.4876 1.5291 0.3024 0.6767 0.9134 
YKIC140128Loc_DoubleSound 2 1632 -6 0.2405 0.7231 1.376 -0.5607 1.1021 0.1017 0.8312 0.3358 
YKIC140128Loc_DoubleSound 2 1632 6 -1.4012 2.8256 1.5988 0.1574 1.5869 0.4237 0.7852 0.7615 
YKIC140128Loc_DoubleSound 2 1632 24 -1.8948 0.5605 1.2701 -1.1911 1.4004 0.4927 0.6158 0.8357 
YKIC140130Loc_DoubleSound 1 500 -24 -3.6321 1.1447 1.8084 -0.1776 1.7481 0.0018 0.0051 0.4959 
YKIC140130Loc_DoubleSound 1 500 -6 9.7168 15.471 1.2415 0.773 2.9364 0.1523 4e-04 0.0569 
YKIC140130Loc_DoubleSound 1 500 6 42.1738 2.1395 0.8855 -9.4548 -6.1074 0.0195 0.0304 0.0581 
YKIC140130Loc_DoubleSound 1 500 24 69.128 -2.2182 0.2439 -52.7821 -23.7339 0.8977 0.6965 0.028 
YKIC140130Loc_DoubleSound 1 1100 -24 2.1362 11.7778 0.9516 -6.4436 2.7588 0.0036 0.0041 9e-04 
YKIC140130Loc_DoubleSound 1 1100 -6 16.5752 7.0291 1.0018 -7.4554 -4.4797 0.7331 9e-04 0.0251 
YKIC140130Loc_DoubleSound 1 1100 6 1.1091 2.7248 1.872 -2.084 1.9847 0.2591 0.0304 0.4532 
YKIC140130Loc_DoubleSound 1 1100 24 2.8231 -0.5289 -1.103 -6.2939 1.064 0.685 0.6885 0.1753 
YKIC140130Loc_DoubleSound 2 500 -24 33.4812 -0.9191 -1.8129 -3.5274 0.4232 0.5047 0.0037 0.1981 
YKIC140130Loc_DoubleSound 2 500 -6 9.5059 9.4989 1.3264 -7.697 1.9918 0.0029 1e-04 0.0409 
YKIC140130Loc_DoubleSound 2 500 6 18.1313 19.3175 2.1566 0.6621 3.3302 0.6572 0 0 
YKIC140130Loc_DoubleSound 2 500 24 46.7429 6.0434 0.6449 -20.1248 -9.0287 0.0029 0.0615 0.0323 
YKIC140130Loc_DoubleSound 2 1100 -24 -1.1363 12.0056 2.8284 -2.2433 3.2457 0.0997 0.0038 0.0043 
YKIC140130Loc_DoubleSound 2 1100 -6 10.9865 13.1054 1.0507 0.9769 2.7492 0.0816 0 0.0017 
YKIC140130Loc_DoubleSound 2 1100 6 53.5184 7.8566 0.8904 -15.0203 -4.9983 0.0796 0 0.2964 
YKIC140130Loc_DoubleSound 2 1100 24 30.9366 14.3901 0.8887 -3.6644 2.8075 0.03 0.0648 0.0174 
YKIC140131Loc_DoubleSound 1 609 -24 34.1132 56.3526 5.3292 -3.9852 9.4952 0.0187 0.0017 0.0471 
YKIC140131Loc_DoubleSound 1 609 -6 -5.2681 106.6632 7.2698 -5.6429 11.3741 0.0428 0.002 6e-04 
YKIC140131Loc_DoubleSound 1 609 6 10.5763 54.7834 9.1289 -4.1752 8.3151 0 8e-04 1e-04 
YKIC140131Loc_DoubleSound 1 609 24 95.3426 104.6089 1.9281 -35.2125 -11.6558 0.0034 0.131 3e-04 
YKIC140131Loc_DoubleSound 1 1100 -24 60.647 56.6379 3.8405 -9.5933 -1.2921 0.0105 0.0011 0.0286 
YKIC140131Loc_DoubleSound 1 1100 -6 35.6816 122.4964 8.0637 -10.9559 5.4581 0.018 0.0034 0.0016 
YKIC140131Loc_DoubleSound 1 1100 6 -6.658 -7.7065 -13.7396 0.7605 -10.954 4e-04 1e-04 0.2975 
YKIC140131Loc_DoubleSound 1 1100 24 -2.7941 23.6107 2.2568 1.3245 3.9109 9e-04 0.1272 0.0144 
YKIC140131Loc_DoubleSound 2 609 -24 -3.3828 7.0766 -1.4308 -4.1363 0.5908 0.0036 0.0013 0.0073 
YKIC140131Loc_DoubleSound 2 609 -6 0.4296 28.3489 1.2175 -4.1273 3.5058 0.0443 0.0152 0.0448 
YKIC140131Loc_DoubleSound 2 609 6 42.8844 43.1186 3.4553 -3.9663 1.8076 0.0134 0 0.0071 
YKIC140131Loc_DoubleSound 2 609 24 27.3991 41.4358 1.7883 -5.5874 -2.4799 0.1852 0.0154 2e-04 
YKIC140131Loc_DoubleSound 2 1100 -24 -1.2395 19.1859 3.412 1.6169 4.368 0.0151 0.0022 0.0263 
YKIC140131Loc_DoubleSound 2 1100 -6 16.1923 44.2135 4.1067 -3.2119 2.9371 0.0135 0.017 0.0061 
YKIC140131Loc_DoubleSound 2 1100 6 26.3111 19.3683 2.1801 -7.9595 2.3668 8e-04 1e-04 0.0127 
YKIC140131Loc_DoubleSound 2 1100 24 9.6412 33.3627 2.6338 -2.0281 0.9501 0.0243 0.0147 0.0049 
YKIC140205Loc_DoubleSound 1 903 -24 -1.3893 -3.1616 -2.8703 0.3498 -1.2314 0.8732 0.7033 0.7266 
YKIC140205Loc_DoubleSound 1 903 -6 -2.3507 1.7408 -0.1098 0.7603 0.3622 0.5033 0.1794 0.4993 
YKIC140205Loc_DoubleSound 1 903 6 -1.0552 -3.8388 -4.3432 0.2176 -2.9233 0.0806 0.7468 0.4266 
YKIC140205Loc_DoubleSound 1 903 24 0.6887 3.5402 2.146 -0.503 2.029 0.1796 0.6035 0.2375 
YKIC140205Loc_DoubleSound 1 1632 -24 -1.8985 1.0094 0.9898 0.6589 1.0863 0.4369 0.6981 0.2356 
YKIC140205Loc_DoubleSound 1 1632 -6 -1.7144 1.5041 1.8519 0.2001 1.7821 0.7007 0.1793 0.7893 
YKIC140205Loc_DoubleSound 1 1632 6 -0.5353 0.1821 0.8722 0.4892 1.5682 0.3849 0.7483 0.6447 
YKIC140205Loc_DoubleSound 1 1632 24 2.8925 1.988 1.3377 -0.018 1.636 0.1301 0.601 0.1654 
YKIC140217Loc_DoubleSound 1 500 -24 12.4132 64.5458 5.6057 -6.6741 9.8942 0.0748 0.3196 0.1646 
YKIC140217Loc_DoubleSound 1 500 -6 -6.7137 81.8146 9.3336 2.3946 10.2858 0.3178 0.0149 0.006 
YKIC140217Loc_DoubleSound 1 500 6 5.8227 25.3222 4.2337 -6.9212 4.4554 0.0028 0.0449 0.1949 
YKIC140217Loc_DoubleSound 1 500 24 -11.4004 60.6831 -5.1152 1.883 1.0066 0.0298 0.0277 0.0134 
YKIC140217Loc_DoubleSound 1 1340 -24 -9.1024 -2.2047 -2.6263 -3.8255 -1.7223 0.1605 0.3114 0.1395 
YKIC140217Loc_DoubleSound 1 1340 -6 1.3585 51.2345 2.7339 2.199 5.6218 0.074 0.0183 0.0065 
YKIC140217Loc_DoubleSound 1 1340 6 -1.5575 13.4851 3.3916 -5.0773 5.0005 0.507 0.0475 0.3315 
YKIC140217Loc_DoubleSound 1 1340 24 -8.1005 60.2316 8.5402 2.6953 10.623 0.0851 0.029 0.0142 
YKIC140219Loc_DoubleSound 2 609 -24 27.2803 0.0413 -0.6137 -3.6313 1.0962 0.6163 0.454 0.2378 
YKIC140219Loc_DoubleSound 2 609 -6 8.1292 -1.0383 0.052 -5.168 1.4447 0.6933 0.4167 0.1218 
YKIC140219Loc_DoubleSound 2 609 6 12.7741 1.5546 0.9231 -6.0066 0.1256 0.0241 0.4327 0.6932 
YKIC140219Loc_DoubleSound 2 609 24 9.9669 0.4364 0.862 -3.4476 -1.3294 0.0829 0.0245 0.2811 
YKIC140219Loc_DoubleSound 2 1100 -24 3.1284 0.7102 1.2156 -2.4604 1.2887 0.0152 0.4503 0.3829 
YKIC140219Loc_DoubleSound 2 1100 -6 15.6704 1.5153 0.8245 -9.5241 -0.1633 0.6639 0.415 0.63 
YKIC140219Loc_DoubleSound 2 1100 6 12.1356 0.1176 0.1146 -4.9693 1.4018 0.1094 0.4184 0.8644 
YKIC140219Loc_DoubleSound 2 1100 24 -0.1489 0.2545 0.7275 -2.7228 1.4005 0.9143 0.0257 0.5187 
YKIC140220Loc_DoubleSound 1 500 -24 -1.7176 1.7085 1.9233 -0.2767 1.8048 0.5041 0.1664 0.3361 
YKIC140220Loc_DoubleSound 1 500 -6 4.4954 2.4444 1.3662 -4.5945 1.2252 0.0899 0.1354 0.6772 
YKIC140220Loc_DoubleSound 1 500 6 18.0537 14.191 1.9794 -4.2892 -1.2918 0.2904 0.1199 0.0036 
YKIC140220Loc_DoubleSound 1 500 24 47.3678 4.5692 0.8977 0.6153 2.555 0.8445 0.1325 0.0027 
YKIC140220Loc_DoubleSound 1 1988 -24 -2.1125 0.1113 0.2482 0.8594 1.0317 0.1095 0.1652 0.028 
YKIC140220Loc_DoubleSound 1 1988 -6 22.9978 -1.9941 0.6842 -8.8655 0.161 0.2252 0.1435 0.0081 
YKIC140220Loc_DoubleSound 1 1988 6 31.2925 9.3732 1.2366 -5.3804 -2.918 0.0814 0.1243 0.0467 
YKIC140220Loc_DoubleSound 1 1988 24 6.7989 10.3936 1.6038 -8.1142 2.246 0.4918 0.1405 0.0017 
YKIC140220Loc_DoubleSound 2 500 -24 1.318 1.2195 1.4462 -2.4746 1.5936 0.3415 0.5985 0.2819 
YKIC140220Loc_DoubleSound 2 500 -6 -1.0971 2.6402 1.9533 0.1965 2.021 0.5203 0.7703 0.0501 
YKIC140220Loc_DoubleSound 2 500 6 74.6334 5.0929 0.7189 -11.1475 -7.3563 0.0217 0.5386 0.1845 
YKIC140220Loc_DoubleSound 2 500 24 48.3493 4.566 0.7083 -19.656 -12.0904 0.2475 0.6603 0.334 
YKIC140220Loc_DoubleSound 2 1988 -24 12.4283 0.7055 0.8775 -4.245 -1.9542 0.2893 0.5918 0.666 
YKIC140220Loc_DoubleSound 2 1988 -6 7.3841 8.0191 1.532 -4.0169 0.0783 0.3458 0.7575 0.1155 
YKIC140220Loc_DoubleSound 2 1988 6 3.8729 1.7284 -0.2863 -6.4163 1.5059 0.2636 0.5379 0.1464 
YKIC140220Loc_DoubleSound 2 1988 24 0.9506 3.8464 1.991 -1.2289 1.3251 0.9486 0.6576 0.474 
YKIC140221Loc_DoubleSound 1 500 -24 -2.1327 1.6086 2.3077 -0.0617 2.1602 0.0299 0.1566 0.4951 
YKIC140221Loc_DoubleSound 1 500 -6 -1.6844 0.6645 1.0561 0.8008 1.9673 0.2649 0.1313 0.6003 
YKIC140221Loc_DoubleSound 1 500 6 16.1122 4.6718 1.3934 -8.911 -0.0591 0.0708 0.1646 0.0458 
YKIC140221Loc_DoubleSound 1 500 24 53.4271 1.3047 0.7512 -16.4716 -9.5801 0.2653 0.0803 0.4966 
YKIC140221Loc_DoubleSound 1 1100 -24 -1.1736 0.8106 1.4618 0.6165 2.0172 0.0426 0.1708 0.522 
YKIC140221Loc_DoubleSound 1 1100 -6 47.7197 6.0843 0.9689 -7.1673 -4.6192 0.0654 0.1259 0.2517 
YKIC140221Loc_DoubleSound 1 1100 6 19.7681 1.5662 1.1322 -8.8358 1.5362 0.2633 0.1584 0.2816 
YKIC140221Loc_DoubleSound 1 1100 24 28.9068 8.6213 1.1533 -12.2439 -1.3399 0.0362 0.0736 0.0033 
YKIC140221Loc_DoubleSound 2 500 -24 25.8422 19.2246 2.646 -8.6668 -2.1287 0.1266 0.0042 0.1456 
YKIC140221Loc_DoubleSound 2 500 -6 26.5523 12.227 1.4118 -5.0585 -2.2236 0.3139 0.0013 0.127 
YKIC140221Loc_DoubleSound 2 500 6 81.2743 12.9617 0.8649 -25.2649 -13.0267 0.3301 0.0187 0.0154 
YKIC140221Loc_DoubleSound 2 500 24 65.9244 14.2993 1.7365 -2.5874 0.9275 0.2494 0.0151 0.2415 
YKIC140221Loc_DoubleSound 2 1100 -24 6.3654 3.2597 1.7055 -5.8638 2.6295 0.1612 0.0051 0.3345 
YKIC140221Loc_DoubleSound 2 1100 -6 48.0619 26.84 1.7738 -20.0347 -7.0572 0.0213 9e-04 0.0105 
YKIC140221Loc_DoubleSound 2 1100 6 24.1236 5.3023 -1.7699 -4.8642 0.9163 0.0092 0.0216 2e-04 
YKIC140221Loc_DoubleSound 2 1100 24 -3.9843 -2.844 -3.344 -6.9829 -1.6865 0.1235 0.0148 5e-04 
YKIC140225Loc_DoubleSound 1 500 -24 -1.9841 0.7789 0.7267 -0.4495 0.7702 0.4345 0.028 0.4784 
YKIC140225Loc_DoubleSound 1 500 -6 2.5735 4.9276 1.708 -4.2978 2.6161 0.1641 0.2463 0.1621 
YKIC140225Loc_DoubleSound 1 500 6 1.8083 3.0896 0.7741 -4.8428 1.7051 0.4378 0.2231 0.5237 
YKIC140225Loc_DoubleSound 1 500 24 -1.1011 7.6113 3.9382 1.3625 4.3035 0.7216 0.5314 0.5298 
YKIC140225Loc_DoubleSound 1 609 -24 -1.4349 14.8316 5.0881 1.6992 5.1147 0.4453 0.0277 0.1598 
YKIC140225Loc_DoubleSound 1 609 -6 -2.2871 -2.9631 -3.4913 -6.2447 -2.1693 0.0492 0.2559 0.2114 
YKIC140225Loc_DoubleSound 1 609 6 -1.4378 -0.4244 -0.569 -1.9159 -0.1177 0.0861 0.2284 0.3864 
YKIC140225Loc_DoubleSound 1 609 24 -1.7459 0.4964 0.158 0.5475 1.1807 0.0867 0.5264 0.4835 
YKIC140225Loc_DoubleSound 2 500 -24 21.4967 7.0042 2.24 -5.2977 4.2656 0.1752 0.0321 0.1334 
YKIC140225Loc_DoubleSound 2 500 -6 5.9397 14.7793 0.9606 -3.5421 3.3599 0.1634 0.0684 0.043 
YKIC140225Loc_DoubleSound 2 500 6 17.6737 23.5294 2.42 -8.6505 3.0944 0.4428 0.0263 0.4986 
YKIC140225Loc_DoubleSound 2 500 24 -5.1745 2.7981 2.1277 1.1513 2.3216 0.1779 0.3172 0.0672 
YKIC140225Loc_DoubleSound 2 609 -24 13.4561 22.7468 2.5186 -6.5583 1.4852 0.4344 0.0277 0.0042 
YKIC140225Loc_DoubleSound 2 609 -6 -6.8499 5.0844 -3.7566 -4.6309 -2.4711 0.1261 0.066 0.4288 
YKIC140225Loc_DoubleSound 2 609 6 -3.8279 1.7993 1.6558 0.5534 1.8104 0.0156 0.0304 0.4197 
YKIC140225Loc_DoubleSound 2 609 24 -5.3281 14.1662 5.0013 1.8639 4.8361 0.1548 0.3179 0.0403 
YKIC140226Loc_DoubleSound 1 500 -24 -1.7887 0.3786 0.7267 -1.8545 1.1371 0.5906 0.317 0.2484 
YKIC140226Loc_DoubleSound 1 500 -6 6.5328 2.2679 1.2941 -5.4384 1.6524 0.5039 0.1659 0.2474 
YKIC140226Loc_DoubleSound 1 500 6 20.2939 1.5335 0.4728 -4.6681 1.9659 0.2928 0.2756 0.0732 
YKIC140226Loc_DoubleSound 1 500 24 13.5823 0.0036 -0.0774 -5.1224 1.3901 0.5166 0.4203 0.5916 
YKIC140226Loc_DoubleSound 1 1988 -24 47.5633 0.2915 -0.2602 -2.3053 1.5982 0.4559 0.3053 0.084 
YKIC140226Loc_DoubleSound 1 1988 -6 44.1811 1.1081 0.5118 -3.1562 2.2068 0.3543 0.1737 0.0157 
YKIC140226Loc_DoubleSound 1 1988 6 -1.232 1.4776 1.6318 -0.0288 1.5547 0.1893 0.2777 0.3564 
YKIC140226Loc_DoubleSound 1 1988 24 8.8496 2.4029 1.1791 -8.3068 1.6605 0.6541 0.4043 0.1232 
YKIC140226Loc_DoubleSound 2 500 -24 -1.5427 -1.0555 -1.0664 -5.032 0.1196 0.4349 0.1915 0.4756 
YKIC140226Loc_DoubleSound 2 500 -6 3.2459 5.5713 2.0068 -1.9893 1.8002 0.003 0.281 0.0472 
YKIC140226Loc_DoubleSound 2 500 6 33.3058 -2.7119 0.4946 -9.4705 -0.9458 0.1927 0.6903 0.6026 
YKIC140226Loc_DoubleSound 2 500 24 9.0997 0.8655 0.8787 -2.0999 -0.2558 0.3436 0.8099 0.8226 
YKIC140226Loc_DoubleSound 2 1988 -24 -1.7323 2.2166 1.8841 -0.3683 1.9791 0.2898 0.1999 0.0626 
YKIC140226Loc_DoubleSound 2 1988 -6 3.6999 -1.8952 -1.5488 -6.0373 0.4073 0.7649 0.2817 0.3784 
YKIC140226Loc_DoubleSound 2 1988 6 19.3271 1.261 0.8339 -2.137 -0.1185 0.0045 0.6914 0.5628 
YKIC140226Loc_DoubleSound 2 1988 24 -2.4497 1.4486 1.8579 -0.7445 1.9831 0.2078 0.8052 0.1053 
YKIC140228Loc_DoubleSound 1 903 -24 41.0695 -4.4992 0.4851 -12.8479 -3.1126 0.4042 0.0068 0.1149 
YKIC140228Loc_DoubleSound 1 903 -6 17.778 5.5478 1.1905 -6.9341 1.9442 0.449 0.0154 0.7024 
YKIC140228Loc_DoubleSound 1 903 6 1.0869 0.6624 0.1174 -3.7656 1.1384 0.0433 0.682 0.0749 
YKIC140228Loc_DoubleSound 1 903 24 -1.7176 -1.1909 -2.482 -6.0253 -0.7017 0.3291 0.0298 0.3626 
YKIC140228Loc_DoubleSound 1 1100 -24 14.564 -0.7521 0.7744 -1.2449 0.4317 0.1301 0.0061 0.7684 
YKIC140228Loc_DoubleSound 1 1100 -6 2.9523 1.1867 1.1853 -1.4676 0.2597 0.1455 0.0151 0.2425 
YKIC140228Loc_DoubleSound 1 1100 6 -1.089 1.0512 -1.9177 -5.1808 -0.7624 0.3506 0.6802 0.274 
YKIC140228Loc_DoubleSound 1 1100 24 8.8671 2.4769 1.088 -5.0554 0.4335 0.9169 0.0268 0.2239 
YKIC140228Loc_DoubleSound 2 903 -24 -0.9548 39.2276 5.1577 -5.3725 7.2816 0.2733 0.0048 0.015 
YKIC140228Loc_DoubleSound 2 903 -6 28.3086 29.0783 2.5494 -4.3389 5.2235 0.0762 0.0511 0.0145 
YKIC140228Loc_DoubleSound 2 903 6 4.4324 -0.4162 -0.8914 0.3491 0.3235 0.0155 0.0061 0.4319 
YKIC140228Loc_DoubleSound 2 903 24 3.7245 30.6073 2.4502 -4.3483 4.9542 0.0108 0.2334 0.0082 
YKIC140228Loc_DoubleSound 2 1100 -24 -0.6499 18.3046 4.1139 1.0791 4.1315 0.1161 0.0065 0.013 
YKIC140228Loc_DoubleSound 2 1100 -6 10.0866 35.2924 3.1493 -6.2203 4.802 0.0141 0.0513 0.0041 
YKIC140228Loc_DoubleSound 2 1100 6 -2.7849 16.9805 3.0865 0.7141 3.4097 0.418 0.0065 0.0435 
YKIC140228Loc_DoubleSound 2 1100 24 0.9668 28.5752 4.4245 1.648 5.0768 0.0025 0.2341 0.0065 
YKIC140312Loc_DoubleSound 2 500 -24 -3.8571 7.9338 3.1747 -0.1347 3.1329 0.0636 0.1683 0.2654 
YKIC140312Loc_DoubleSound 2 500 -6 0.0515 21.2093 0.4692 -4.5593 2.946 0.0151 0.0353 0.0164 
YKIC140312Loc_DoubleSound 2 500 6 19.1586 24.6468 2.0594 -9.2854 1.9558 0.7323 0.4734 0.016 
YKIC140312Loc_DoubleSound 2 500 24 41.4489 51.9821 2.1064 -6.5387 3.2874 0.0662 0.0665 0.0309 
YKIC140312Loc_DoubleSound 2 1988 -24 -4.211 4.7057 4.234 1.2926 4.2161 0.7456 0.1585 0.2176 
YKIC140312Loc_DoubleSound 2 1988 -6 -4.8386 19.5254 4.2247 -1.3682 5.0525 0.0559 0.032 0.0144 
YKIC140312Loc_DoubleSound 2 1988 6 5.8526 14.6429 3.5476 0.7586 4.3229 0.0493 0.4657 0.3434 
YKIC140312Loc_DoubleSound 2 1988 24 11.1145 18.9725 2.5556 -0.6336 2.9176 0.4516 0.067 0.1656 
YKIC140313Loc_DoubleSound 1 500 -24 -0.7151 5.8588 1.8107 -2.2025 2.707 0.164 0.0415 0.4405 
YKIC140313Loc_DoubleSound 1 500 -6 1.6823 17.0964 1.8542 -4.8677 3.3612 0.0456 0.2408 0.0794 
YKIC140313Loc_DoubleSound 1 500 6 1.9902 -0.3556 0.2467 -2.3646 0.4425 0.3354 0 0.2224 
YKIC140313Loc_DoubleSound 1 500 24 12.9308 8.3073 1.0621 -3.6555 2.9091 0.0455 0.3424 0.1509 
YKIC140313Loc_DoubleSound 1 1340 -24 -0.7397 2.0214 1.0326 -1.3684 1.5955 0.4341 0.0496 0.1381 
YKIC140313Loc_DoubleSound 1 1340 -6 50.5518 -1.7848 0.3237 -11.2609 -4.3904 0.0618 0.2332 0.0948 
YKIC140313Loc_DoubleSound 1 1340 6 -0.5867 5.6693 1.0471 -0.7348 2.1907 0.0711 0 0.3332 
YKIC140313Loc_DoubleSound 1 1340 24 -3.6417 -5.5005 -6.574 -2.7236 -4.8859 0.0319 0.3337 0.301 
YKIC140313Loc_DoubleSound 2 500 -24 0.903 14.9713 3.5492 0.66 4.3716 0.2986 0.1488 0.0154 
YKIC140313Loc_DoubleSound 2 500 -6 5.2646 -2.9251 0.4598 -5.1585 -0.7876 0.042 0.0255 0.4781 
YKIC140313Loc_DoubleSound 2 500 6 1.1613 -0.2405 0.0719 0.1849 0.5331 0.1484 0 0.2251 
YKIC140313Loc_DoubleSound 2 500 24 39.6049 -2.9387 0.2403 -5.3571 -4.4407 0.6096 0.495 0.1566 
YKIC140313Loc_DoubleSound 2 1340 -24 29.1598 0.8225 0.5941 0.3167 1.208 0.0679 0.1466 0.1422 
YKIC140313Loc_DoubleSound 2 1340 -6 8.1684 -1.0533 0.5353 -4.5199 -1.8001 0.0051 0.0233 0.6452 
YKIC140313Loc_DoubleSound 2 1340 6 -1.9173 0.7438 0.7911 0.2379 1.0992 0.0718 0 0.5 
YKIC140313Loc_DoubleSound 2 1340 24 -3.57 -3.2058 -3.46 -3.69 -2.8251 0.2269 0.4946 0.3044 
YKIC140314Loc_DoubleSound 1 500 -24 6.2647 12.0903 1.7012 -5.9389 3.4492 0.7335 0.0057 0.0146 
YKIC140314Loc_DoubleSound 1 500 -6 -2.7614 1.0069 0.3585 -4.9349 1.6855 0.0092 0 0.0247 
YKIC140314Loc_DoubleSound 1 500 6 5.6371 18.1186 2.5472 -3.8351 1.5247 0.0421 6e-04 0.1676 
YKIC140314Loc_DoubleSound 1 500 24 15.3713 17.2104 3.191 -6.5766 5.2825 0.049 0.268 0.0087 
YKIC140314Loc_DoubleSound 1 1632 -24 13.3568 30.831 2.5428 -5.64 4.7374 0.0023 0.0062 0 
YKIC140314Loc_DoubleSound 1 1632 -6 -1.9119 13.1309 1.0933 -5.856 2.9385 0.0165 1e-04 0.0015 
YKIC140314Loc_DoubleSound 1 1632 6 -4.4387 6.9593 3.683 0.5102 3.5765 0.4563 0.0011 0.1354 
YKIC140314Loc_DoubleSound 1 1632 24 -3.4631 13.5922 3.3784 -2.7577 3.6671 0 0.2657 8e-04 
YKIC140314Loc_DoubleSound 2 500 -24 14.8743 8.6018 1.4017 -1.9033 0.3843 0.5143 0.4169 0.4991 
YKIC140314Loc_DoubleSound 2 500 -6 60.4524 -1.6974 0.6684 -11.3434 -2.795 0.5393 0.0176 0.7464 
YKIC140314Loc_DoubleSound 2 500 6 93.4423 4.5632 0.3609 -19.1955 -12.9002 0.4221 0.0079 0.5924 
YKIC140314Loc_DoubleSound 2 500 24 106.2213 5.1602 0.664 -7.5979 -5.0193 0.1191 0.021 0.028 
YKIC140314Loc_DoubleSound 2 1632 -24 13.9182 8.0767 1.2066 -5.2122 2.7556 0.0424 0.418 0.0951 
YKIC140314Loc_DoubleSound 2 1632 -6 21.1493 6.01 -0.4911 -3.3415 1.9345 0.1211 0.0204 0.1041 
YKIC140314Loc_DoubleSound 2 1632 6 0.5601 2.7386 1.6564 -0.9959 0.999 0.2408 0.008 0.1256 
YKIC140314Loc_DoubleSound 2 1632 24 7.0222 7.2685 1.4797 -7.155 2.4985 0.0978 0.0231 0.1295 
YKIC140319Loc_DoubleSound 1 500 -24 -0.4414 0.3588 0.4319 -2.2336 0.9182 0.593 0.1569 0.0665 
YKIC140319Loc_DoubleSound 1 500 -6 -0.7675 -1.9552 -1.5124 -4.6274 -0.8487 0 0.5998 0.2595 
YKIC140319Loc_DoubleSound 1 500 6 -1.2244 -2.8518 -3.1986 -5.3663 -2.0347 0.5012 0.1211 0.0054 
YKIC140319Loc_DoubleSound 1 500 24 -0.6619 0.5587 0.4794 -1.403 0.9454 0.0184 0.349 0.1285 
YKIC140319Loc_DoubleSound 1 1632 -24 -1.2839 -0.4889 -0.5086 -2.183 -0.1532 0.4532 0.1498 0.0148 
YKIC140319Loc_DoubleSound 1 1632 -6 0.1958 -0.1291 -0.4798 -5.134 0.794 0.5579 0.5961 0.0599 
YKIC140319Loc_DoubleSound 1 1632 6 -1.2975 1.0448 1.0833 -0.2799 1.0011 0.0681 0.1252 0.0694 
YKIC140319Loc_DoubleSound 1 1632 24 -0.2069 -0.3881 0.7123 -2.1415 0.6385 0.4987 0.3691 0.4237 
YKIC140319Loc_DoubleSound 2 500 -24 0.2513 0.5782 0.8889 -1.2675 0.8027 0.3383 0.0833 0.5694 
YKIC140319Loc_DoubleSound 2 500 -6 -0.4816 -0.5445 0.6956 -1.5542 0.2724 0.4065 0.0661 0.1241 
YKIC140319Loc_DoubleSound 2 500 6 19.1783 -0.3894 0.4328 -2.4276 -1.2797 0.0952 0.3337 0.7347 
YKIC140319Loc_DoubleSound 2 500 24 7.9539 -2.1268 0.1436 -1.4766 -0.7653 0.3208 0.3763 0.6294 
YKIC140319Loc_DoubleSound 2 1632 -24 -0.4795 0.6221 0.788 -0.252 0.6594 0.1792 0.0811 0.4266 
YKIC140319Loc_DoubleSound 2 1632 -6 -0.4045 1.405 0.9436 -2.6356 1.6253 0.5206 0.0661 0.3322 
YKIC140319Loc_DoubleSound 2 1632 6 -2.2272 2.2269 0.2591 -3.5686 1.2941 0.0574 0.3382 0.5623 
YKIC140319Loc_DoubleSound 2 1632 24 0.4777 0.2983 -0.9111 -4.8585 0.9188 0.1983 0.3806 0.0243 
YKIC140321Loc_DoubleSound 2 500 -24 -2.361 1.2526 0.4536 0.7113 1.0073 0.2569 0.2047 0.8851 
YKIC140321Loc_DoubleSound 2 500 -6 -1.4841 2.2454 1.4923 0.7089 2.0816 0.1556 0.1482 0.437 
YKIC140321Loc_DoubleSound 2 500 6 14.1636 2.0451 0.807 -7.2712 -0.3665 0.5301 0.352 0.5576 
YKIC140321Loc_DoubleSound 2 500 24 10.2564 4.9313 1.1091 0.6293 2.2384 0.1943 0.1343 0.5374 
YKIC140321Loc_DoubleSound 2 1632 -24 7.5132 0.6189 0.9013 -2.0106 -0.3443 0.0476 0.2078 0.6835 
YKIC140321Loc_DoubleSound 2 1632 -6 7.0217 5.1897 1.4788 -1.4787 0.3956 0.0823 0.1431 0.0171 
YKIC140321Loc_DoubleSound 2 1632 6 -2.0515 -0.0046 -0.2162 -2.9251 0.2484 0.6894 0.3501 0.3457 
YKIC140321Loc_DoubleSound 2 1632 24 -2.3999 0.4776 0.1834 0.6066 0.687 0.2743 0.1367 0.7825 
YKIC140325Loc_DoubleSound 2 500 -24 -2.3488 23.4822 4.1072 -3.2945 5.3654 3e-04 0.0017 0.004 
YKIC140325Loc_DoubleSound 2 500 -6 26.5069 1.8493 0.7072 -7.9702 -5.147 0.3605 0.0161 0.2458 
YKIC140325Loc_DoubleSound 2 500 6 99.245 28.3134 1.809 0.3363 4.2269 0.0164 0.007 7e-04 
YKIC140325Loc_DoubleSound 2 500 24 150.3874 34.4418 0.6084 -31.3814 -19.1959 0.0103 0 4e-04 
YKIC140325Loc_DoubleSound 2 1632 -24 4.4294 17.2515 4.1212 -4.1089 4.9371 0.0745 0.0036 0.012 
YKIC140325Loc_DoubleSound 2 1632 -6 47.9344 34.0965 1.1744 -23.1258 -11.2556 0.0271 0.0143 0.0294 
YKIC140325Loc_DoubleSound 2 1632 6 36.9177 14.1141 -1.0592 0.9098 1.4716 2e-04 0.0052 0.0019 
YKIC140325Loc_DoubleSound 2 1632 24 27.9062 28.7307 2.7098 -7.2886 4.1031 0.0034 2e-04 0.0026 
YKIC140326Loc_DoubleSound 2 500 -24 -2.5786 4.09 2.7645 0.6162 2.6363 0.1815 0.0019 0.0159 
YKIC140326Loc_DoubleSound 2 500 -6 -0.9078 5.977 2.1784 0.6226 2.7124 0.0141 0.003 0.0818 
YKIC140326Loc_DoubleSound 2 500 6 26.0978 16.4492 1.9681 -0.8779 2.0645 0.1221 0.0467 0.1184 
YKIC140326Loc_DoubleSound 2 500 24 -1.5126 2.8541 2.0276 0.0449 2.01 0.0262 0.5578 0.6743 
YKIC140326Loc_DoubleSound 2 1632 -24 0.2328 3.2571 0.7081 -4.6951 1.9152 0.3314 0.0029 0.0357 
YKIC140326Loc_DoubleSound 2 1632 -6 1.6308 2.1307 0.3214 -5.7931 1.9538 0.2367 0.0032 0.1488 
YKIC140326Loc_DoubleSound 2 1632 6 4.476 3.0024 1.1663 0.8322 2.2843 0.1498 0.0438 0.8742 
YKIC140326Loc_DoubleSound 2 1632 24 3.3472 7.1674 1.6337 -0.0814 2.0227 0.0064 0.572 0.0281 
YKIC140410Loc_DoubleSound 2 500 -24 -1.4806 0.8913 0.9534 -0.2327 0.9016 0.3599 0.1716 0.5292 
YKIC140410Loc_DoubleSound 2 500 -6 -1.0328 1.1554 1.2466 -0.281 1.0833 0.3576 0.1641 0.3501 
YKIC140410Loc_DoubleSound 2 500 6 9.0587 0.8563 0.7391 -4.4045 0.4547 0.0157 0.5535 0.4711 
YKIC140410Loc_DoubleSound 2 500 24 18.6976 -1.6819 0.4001 -4.5763 -2.6826 0.1936 0.5458 0.6776 
YKIC140410Loc_DoubleSound 2 1632 -24 2.8067 0.9551 1.0819 -0.1141 1.3559 0.0647 0.174 0.3259 
YKIC140410Loc_DoubleSound 2 1632 -6 -0.3776 2.5509 1.5627 -0.266 1.1607 0.3171 0.1649 0.0194 
YKIC140410Loc_DoubleSound 2 1632 6 1.7644 0.4634 0.2697 -4.9628 1.2145 0.218 0.5468 0.684 
YKIC140410Loc_DoubleSound 2 1632 24 -0.5361 1.5711 1.2034 -1.2963 1.7049 0.0505 0.5361 0.3476 
YKIC140425Loc_DoubleSound 1 500 -24 -2.153 1.0585 1.0333 0.4742 1.1125 0.1322 0.3443 0.4394 
YKIC140425Loc_DoubleSound 1 500 -6 -1.6328 3.0526 1.8017 -0.1252 1.6488 0.4343 0.2195 0.2078 
YKIC140425Loc_DoubleSound 1 500 6 21.9746 0.3706 0.4112 0.144 1.1557 0.0067 0.0317 0.2177 
YKIC140425Loc_DoubleSound 1 500 24 -1.9066 2.2089 2.0931 0.8749 2.0505 0.1773 0.3499 0.3165 
YKIC140425Loc_DoubleSound 1 1632 -24 0.0819 2.5363 0.8611 0.8434 1.8961 0.5931 0.3425 0.3467 
YKIC140425Loc_DoubleSound 1 1632 -6 -1.7906 2.552 1.9351 0.1118 1.8914 0.439 0.2247 0.0672 
YKIC140425Loc_DoubleSound 1 1632 6 0.0842 1.0793 0.9527 -1.27 1.1409 0.442 0.0249 0.432 
YKIC140425Loc_DoubleSound 1 1632 24 -2.25 -0.8375 -1.0627 -4.7174 -0.5034 0.1604 0.349 0.7887 
YKIC140430Loc_DoubleSound 1 500 -24 -0.3091 5.9001 1.849 1.0036 2.4956 0.5136 0.0633 0.0158 
YKIC140430Loc_DoubleSound 1 500 -6 -1.8053 3.9221 1.7927 1.0606 2.2008 0.325 0.3272 0.0613 
YKIC140430Loc_DoubleSound 1 500 6 -0.2179 0.6369 0.8077 -0.1435 0.8821 0 0.1717 0.2159 
YKIC140430Loc_DoubleSound 1 500 24 -0.928 1.1501 1.0838 -0.1767 1.0162 0.4657 0.3081 0.4346 
YKIC140430Loc_DoubleSound 1 1632 -24 4.8215 3.7892 1.2245 -1.1221 0.4514 0.0743 0.0683 0.5129 
YKIC140430Loc_DoubleSound 1 1632 -6 -0.9843 1.0832 0.8323 -1.1306 1.2303 0.0307 0.3288 0.046 
YKIC140430Loc_DoubleSound 1 1632 6 1.4571 0.6946 0.652 -2.012 1.056 0.064 0.1755 0.4318 
YKIC140430Loc_DoubleSound 1 1632 24 1.2808 4.1581 1.1857 -4.5923 1.9734 0.0668 0.3152 0.0462 
YKIC140430Loc_DoubleSound 2 500 -24 -26.2045 114.3807 18.3539 -3.1219 22.4298 0.0208 0.0677 0.0022 
YKIC140430Loc_DoubleSound 2 500 -6 -28.81 160.854 27.0772 3.5972 29.8779 0.0145 0.0212 0.0146 
YKIC140430Loc_DoubleSound 2 500 6 -12.7811 106.1803 23.3399 4.3004 30.5924 0 0.0661 0.0265 
YKIC140430Loc_DoubleSound 2 500 24 68.2821 120.6899 8.6912 -18.9657 11.0452 0.4696 0.1818 0.0686 
YKIC140430Loc_DoubleSound 2 1632 -24 -23.9652 49.7846 17.4671 0.7693 18.114 0.0131 0.0674 0.069 
YKIC140430Loc_DoubleSound 2 1632 -6 -21.6615 29.5203 4.5191 -2.3474 9.1003 0.0309 0.0181 0.0471 
YKIC140430Loc_DoubleSound 2 1632 6 -25.9744 20.9333 9.6203 -2.3062 10.1059 0.0301 0.0669 0.0145 
YKIC140430Loc_DoubleSound 2 1632 24 10.8472 185.3321 9.4218 -3.895 21.0002 0.0297 0.1838 0.0054 
YKIC140501Loc_DoubleSound 1 500 -24 -1.2203 2.2236 1.0051 0.862 1.9255 0.5638 0.2041 0.1839 
YKIC140501Loc_DoubleSound 1 500 -6 -0.4204 3.3623 1.9366 0.0903 1.834 0.0062 0.0683 0.2331 
YKIC140501Loc_DoubleSound 1 500 6 25.0044 8.2098 1.1077 -2.0311 0.4121 0.6213 0.1992 0.128 
YKIC140501Loc_DoubleSound 1 500 24 18.8134 10.2866 1.2882 -1.1926 0.9487 0.0633 0.1234 0.027 
YKIC140501Loc_DoubleSound 1 1632 -24 11.8581 1.7996 1.0585 -6.3671 1.5664 0.3177 0.1943 0.3366 
YKIC140501Loc_DoubleSound 1 1632 -6 12.1041 3.2625 0.0146 -3.3549 1.705 0.6249 0.0747 0.7584 
YKIC140501Loc_DoubleSound 1 1632 6 0.0788 6.3398 2.2479 0.4009 2.5326 0.0547 0.1986 0.2047 
YKIC140501Loc_DoubleSound 1 1632 24 6.2375 1.0331 0.3045 0.5133 1.5093 0.0465 0.1236 0.5216 
YKIC140501Loc_DoubleSound 2 500 -24 -1.9544 14.3187 3.8126 1.3242 4.842 0.5619 0.4324 0.002 
YKIC140501Loc_DoubleSound 2 500 -6 -5.0387 3.9378 2.5184 -0.4369 2.6446 0.1755 0.0063 0.0061 
YKIC140501Loc_DoubleSound 2 500 6 16.0908 9.1429 3.3166 0.4386 4.1861 0.1204 0.0101 0.4251 
YKIC140501Loc_DoubleSound 2 500 24 15.9805 12.8647 3.2996 -0.5429 3.2274 0.1549 0.0613 0.0652 
YKIC140501Loc_DoubleSound 2 1632 -24 16.8833 5.3337 1.2808 -7.2763 1.2557 0.1446 0.434 0.03 
YKIC140501Loc_DoubleSound 2 1632 -6 3.8652 -0.4247 -1.3375 -3.4828 0.4791 0.1231 0.0053 0.0171 
YKIC140501Loc_DoubleSound 2 1632 6 -0.9315 12.6788 3.6852 1.6059 5.5847 0.2127 0.0092 0.0165 
YKIC140501Loc_DoubleSound 2 1632 24 8.0374 8.1628 1.6194 -0.6551 1.3765 0.7016 0.0653 0.5147 
YKIC140506Loc_DoubleSound 1 500 -24 -2.9411 2.3917 1.8623 0.0695 1.8408 0.3063 0.0101 0.4457 
YKIC140506Loc_DoubleSound 1 500 -6 -2.1988 3.0483 2.0131 -0.866 2.4376 0.1535 0.1772 0.0182 
YKIC140506Loc_DoubleSound 1 500 6 10.6445 19.6417 2.4767 -5.4701 4.4511 0.4317 0.2055 0.0263 
YKIC140506Loc_DoubleSound 1 500 24 18.8735 10.8253 1.3876 0.3792 2.3336 0.6183 0.0535 0.0143 
YKIC140506Loc_DoubleSound 1 1632 -24 6.9831 0.1003 0.2552 -0.2314 0.215 0.3841 0.0116 0.4007 
YKIC140506Loc_DoubleSound 1 1632 -6 7.8053 1.0467 0.4284 0.0011 0.5367 0 0.1828 0.4036 
YKIC140506Loc_DoubleSound 1 1632 6 -1.1511 3.5527 1.9091 -0.8893 2.732 0.3079 0.199 0.1653 
YKIC140506Loc_DoubleSound 1 1632 24 2.6944 3.9369 1.4966 -0.4866 1.7106 0.4753 0.0544 0.3084 
YKIC140506Loc_DoubleSound 2 500 -24 -5.5916 11.9636 5.24 0.02 5.3203 0.3016 0.0067 0.0417 
YKIC140506Loc_DoubleSound 2 500 -6 2.8159 29.8594 5.948 -3.7175 7.3365 0.0325 0.0617 0.0184 
YKIC140506Loc_DoubleSound 2 500 6 2.8064 22.5878 3.9106 -4.7629 4.4941 0.0463 0.0304 0.032 
YKIC140506Loc_DoubleSound 2 500 24 12.3945 -0.6775 -1.2457 -2.5649 0.4614 0.1918 0.1909 0.063 
YKIC140506Loc_DoubleSound 2 1632 -24 16.1427 0.2186 0.228 0.1433 0.5062 0.3749 0.0074 0.3824 
YKIC140506Loc_DoubleSound 2 1632 -6 24.455 -1.2818 0.0183 -1.3749 -0.9559 0.3664 0.0663 0.3994 
YKIC140506Loc_DoubleSound 2 1632 6 -0.7697 -2.0088 -2.5474 0.1302 -1.3928 0.1648 0.0344 0.3154 
YKIC140506Loc_DoubleSound 2 1632 24 29.0976 -0.778 0.1093 -0.8256 -0.1744 0.5233 0.1809 0 
YKIC140507Loc_DoubleSound 1 500 -24 -0.9232 -0.1343 0.3687 0.5409 0.9658 0.0724 0.177 0.3066 
YKIC140507Loc_DoubleSound 1 500 -6 1.0872 -3.4718 -4.6896 0.2886 -2.257 0.1603 0.2172 0.1379 
YKIC140507Loc_DoubleSound 1 500 6 3.0381 0.3705 0.9611 -1.0363 0.4358 0.2335 0.1701 0.2903 
YKIC140507Loc_DoubleSound 1 500 24 12.5745 3.4705 0.9165 -0.708 0.9451 0.3464 0.0401 0.1624 
YKIC140507Loc_DoubleSound 1 1632 -24 0.6549 3.1686 1.393 0.3512 1.6937 0.2255 0.1772 0.0141 
YKIC140507Loc_DoubleSound 1 1632 -6 20.9768 -4.5271 0.2241 -4.5912 -2.9329 0.1813 0.2234 0.0042 
YKIC140507Loc_DoubleSound 1 1632 6 -1.2617 1.6144 1.4129 0.1371 1.4013 0.177 0.1704 0.2994 
YKIC140507Loc_DoubleSound 1 1632 24 0.1159 0.3763 0.5339 -1.4415 0.7994 0.3747 0.0404 0.4494 
YKIC140507Loc_DoubleSound 2 500 -24 0.8195 5.8505 1.7854 -2.4231 2.532 0.0527 0.3423 0.0502 
YKIC140507Loc_DoubleSound 2 500 -6 -1.469 0.7343 0.8856 -1.6699 0.9687 0.4274 0.7396 0.6002 
YKIC140507Loc_DoubleSound 2 500 6 13.0514 2.78 1.0867 -2.8755 -1.1085 0.196 0.2459 0.0971 
YKIC140507Loc_DoubleSound 2 500 24 10.1119 2.3813 0.7699 0.2104 1.6023 0.3337 0.6368 0.0508 
YKIC140507Loc_DoubleSound 2 1632 -24 0.6268 5.6482 2.0845 -0.7747 1.9296 0.2191 0.3439 0.5308 
YKIC140507Loc_DoubleSound 2 1632 -6 9.7877 5.0846 1.1157 -7.2583 1.558 0.1444 0.7354 0.0832 
YKIC140507Loc_DoubleSound 2 1632 6 -0.9419 0.5141 -0.7208 -4.8803 0.6406 0.3532 0.2345 0.4603 
YKIC140507Loc_DoubleSound 2 1632 24 -2.7818 1.2982 1.1341 0.7404 1.3568 0.1562 0.6316 0.0679 
YKIC140516Loc_DoubleSound 1 500 -24 -1.5191 1.5316 1.5005 0.3721 1.5985 0.5874 0.5374 0.5742 
YKIC140516Loc_DoubleSound 1 500 -6 0.9259 1.2002 1.174 -1.3826 1.2177 0.3773 0.3425 0.7984 
YKIC140516Loc_DoubleSound 1 500 6 6.5532 2.8957 1.2419 -1.5353 0.3194 0.1584 0.1454 0.1741 
YKIC140516Loc_DoubleSound 1 500 24 2.4802 0.6714 0.5665 0.3162 1.3875 0.5835 0.8494 0.6904 
YKIC140516Loc_DoubleSound 1 1632 -24 -1.4445 1.2379 1.2429 0.3433 1.2093 0.311 0.5402 0.35 
YKIC140516Loc_DoubleSound 1 1632 -6 -0.792 1.8514 1.6675 -0.3581 1.4752 0.0163 0.3462 0.0407 
YKIC140516Loc_DoubleSound 1 1632 6 -1.5672 1.9625 1.3782 -0.1021 1.2889 0.6885 0.1459 0.3147 
YKIC140516Loc_DoubleSound 1 1632 24 -1.967 1.0199 1.5701 -0.1267 1.5319 0.0935 0.8508 0.3675 
YKIC140516Loc_DoubleSound 2 500 -24 -0.9868 1.6041 1.556 0.2741 1.5936 0.3417 0.0854 0.161 
YKIC140516Loc_DoubleSound 2 500 -6 2.1023 0.6468 1.0596 -1.9482 0.9165 0.3532 0.5173 0.7715 
YKIC140516Loc_DoubleSound 2 500 6 6.6033 0.3683 0.6462 -0.1041 1.1647 0.3247 0.4374 0.8271 
YKIC140516Loc_DoubleSound 2 500 24 4.8247 0.395 0.7801 -1.3859 0.0621 0.5637 0.3351 0.665 
YKIC140516Loc_DoubleSound 2 1632 -24 -1.5158 0.4443 0.6314 -1.723 0.7206 0.159 0.0832 0.5106 
YKIC140516Loc_DoubleSound 2 1632 -6 -1.1264 0.053 0.5997 -2.5473 1.1655 0.8296 0.5126 0.2523 
YKIC140516Loc_DoubleSound 2 1632 6 -1.6681 1.3323 1.497 0.1712 1.4179 0.0653 0.4413 0.0815 
YKIC140516Loc_DoubleSound 2 1632 24 -1.5052 0.8344 1.4719 -0.2391 1.4502 0.327 0.3381 0.0832 
YKIC140528Loc_DoubleSound 1 500 -24 -1.9281 1.4635 1.7979 0.076 1.6912 0.4725 0.0135 0.3766 
YKIC140528Loc_DoubleSound 1 500 -6 -1.5062 0.9617 1.41 0.4118 1.6047 0.8112 0.3268 0.5092 
YKIC140528Loc_DoubleSound 1 500 6 23.5828 4.6098 1.0173 -12.4023 -1.1024 0.5617 0.0331 0.1982 
YKIC140528Loc_DoubleSound 1 500 24 25.615 -2.6415 0.3194 -2.2272 -0.6679 0.1604 0.3443 0.3852 
YKIC140528Loc_DoubleSound 1 1632 -24 1.8545 0.2976 0.5899 -0.6147 0.3367 0.6569 0.0138 0.3084 
YKIC140528Loc_DoubleSound 1 1632 -6 30.3972 -0.5551 0.5428 -7.2777 0.1441 0.3116 0.3284 0.4401 
YKIC140528Loc_DoubleSound 1 1632 6 3.4636 3.4835 1.868 -1.6253 1.9822 0.1264 0.0355 0.1153 
YKIC140528Loc_DoubleSound 1 1632 24 0.7997 0.5397 0.9363 -3.3307 1.4723 0.0449 0.3373 0.6476 
YKIC140528Loc_DoubleSound 2 500 -24 0.5236 1.1227 1.4543 -0.8462 1.0069 0.2866 0.0774 0.8171 
YKIC140528Loc_DoubleSound 2 500 -6 20.4618 3.7958 1.0991 -6.8531 -1.6091 0.8636 0.0382 0.3571 
YKIC140528Loc_DoubleSound 2 500 6 11.872 -0.4595 0.7053 -7.344 1.357 0.1763 0.7572 0.0997 
YKIC140528Loc_DoubleSound 2 500 24 24.0689 -5.541 0.2715 -12.9341 -4.1137 0.1666 0.4085 0.4236 
YKIC140528Loc_DoubleSound 2 1632 -24 4.0018 0.748 0.7441 0.149 1.0575 0.5299 0.0749 0.3371 
YKIC140528Loc_DoubleSound 2 1632 -6 49.0002 3.4389 0.5871 -14.8789 -4.8851 0.6386 0.0335 0.2783 
YKIC140528Loc_DoubleSound 2 1632 6 9.6211 10.6131 3.2147 -8.0744 4.956 0.1459 0.7545 0.0011 
YKIC140528Loc_DoubleSound 2 1632 24 12.8417 0.5598 0.6757 -6.9815 -2.3891 0.1696 0.4094 0.3966 
YKIC140529Loc_DoubleSound 1 500 -24 -1.0852 0.9044 1.0467 0.2956 1.2881 0.6014 0.2307 0.0236 
YKIC140529Loc_DoubleSound 1 500 -6 -0.5286 0.7495 0.8279 -0.5795 0.7568 0.0422 0.3738 0.3401 
YKIC140529Loc_DoubleSound 1 500 6 15.3802 -2.0286 0.3277 -6.0368 -1.351 0.3565 0.123 0.1757 
YKIC140529Loc_DoubleSound 1 500 24 1.1621 0.2595 0.6794 -1.9804 0.6564 0.0304 0.7967 0.2707 
YKIC140529Loc_DoubleSound 1 1632 -24 11.7372 -0.002 0.7526 -1.1333 0.3527 0.7217 0.2316 0.243 
YKIC140529Loc_DoubleSound 1 1632 -6 9.5331 -0.0378 0.0981 -0.1284 0.2533 0.0922 0.3776 0.3097 
YKIC140529Loc_DoubleSound 1 1632 6 -2.1645 0.3416 0.2674 -2.1481 0.4566 0.0274 0.1285 0.725 
YKIC140529Loc_DoubleSound 1 1632 24 -1.7488 1.2993 1.4822 0.4427 1.4111 0.2275 0.7958 0.3079 
YKIC140529Loc_DoubleSound 2 500 -24 18.0076 -0.5577 -1.0792 0.4796 0.534 2e-04 0.1285 0.0169 
YKIC140529Loc_DoubleSound 2 500 -6 2.3038 113.8524 14.1506 -6.1867 18.3683 0.0431 0 0.0012 
YKIC140529Loc_DoubleSound 2 500 6 -5.2796 13.2683 4.8387 -1.9334 5.5296 0.3385 0 5e-04 
YKIC140529Loc_DoubleSound 2 500 24 87.4756 363.7807 26.022 -13.9314 40.2812 0.0047 0.0042 0.002 
YKIC140529Loc_DoubleSound 2 1632 -24 -7.5859 -9.9079 -12.1925 0.1677 -8.9469 7e-04 0.1355 0.3427 
YKIC140529Loc_DoubleSound 2 1632 -6 5.7553 -0.4935 -0.6321 0.0594 -0.2059 0.4431 0 0.4085 
YKIC140529Loc_DoubleSound 2 1632 6 -4.4218 33.694 8.5119 -1.5081 8.8207 0.0807 0 0.0014 
YKIC140529Loc_DoubleSound 2 1632 24 -7.8977 -0.3173 -0.7988 0.4731 0.5753 0.0278 0.0049 0.6831 
YKIC140530Loc_DoubleSound 2 500 -24 4.6959 5.2592 1.1313 -5.8207 2.1126 0.0638 0.1857 0.0281 
YKIC140530Loc_DoubleSound 2 500 -6 -1.2318 0.8923 0.5707 -3.8897 1.4023 0.5589 0.3739 0.514 
YKIC140530Loc_DoubleSound 2 500 6 -0.2765 0.8739 -0.8074 -5.0109 0.8224 0.1416 0.3201 0.6905 
YKIC140530Loc_DoubleSound 2 500 24 -2.2184 1.3449 1.0052 0.8296 1.1995 0.0697 0.4359 0.0634 
YKIC140530Loc_DoubleSound 2 1632 -24 -2.0079 -0.2088 -0.4227 -2.9351 -0.0677 0.0172 0.1876 0.0499 
YKIC140530Loc_DoubleSound 2 1632 -6 -2.6462 -1.5485 -1.9293 -4.6929 -1.3515 0.4344 0.371 0.1948 
YKIC140530Loc_DoubleSound 2 1632 6 -0.2216 0.0664 -1.6064 0.6413 -0.0134 0.1539 0.3239 0.0139 
YKIC140530Loc_DoubleSound 2 1632 24 -1.6501 2.6472 1.769 -0.6866 1.6319 0.2368 0.4291 0.5865 
YKIC140603Loc_DoubleSound 1 500 -24 0.954 1.5629 1.1817 -0.0715 1.0908 0.2171 0.2227 0.5052 
YKIC140603Loc_DoubleSound 1 500 -6 2.0123 2.5279 1.479 0.0467 1.5426 0.5601 0.8765 0.0445 
YKIC140603Loc_DoubleSound 1 500 6 9.7605 0.5861 0.729 0.1729 1.3592 0.1978 0.214 0.073 
YKIC140603Loc_DoubleSound 1 500 24 10.5209 0.1316 0.3795 -1.8917 -0.6191 0.2121 0.2175 0.1464 
YKIC140603Loc_DoubleSound 1 1632 -24 6.0544 -0.3499 0.3085 -1.3992 -0.0577 0.4296 0.2182 0.4772 
YKIC140603Loc_DoubleSound 1 1632 -6 2.9059 1.3001 1.1681 -2.237 0.747 0.3198 0.8703 0.7267 
YKIC140603Loc_DoubleSound 1 1632 6 -1.2075 0.8931 0.9111 0.262 0.8684 0.7367 0.2168 0.2992 
YKIC140603Loc_DoubleSound 1 1632 24 -0.4266 0.4839 0.7701 -1.1063 0.8639 0.2178 0.2181 0.2054 
YKIC140605Loc_DoubleSound 1 500 -24 -0.4866 1.5926 0.7415 0.2482 1.1045 0.1332 0.1225 0.2175 
YKIC140605Loc_DoubleSound 1 500 -6 -1.6349 0.8362 0.6183 0.5283 0.9414 0.4963 0.2171 0.0648 
YKIC140605Loc_DoubleSound 1 500 6 13.4244 4.4295 1.0146 -1.578 0.2296 0.0748 0.1147 0.0138 
YKIC140605Loc_DoubleSound 1 500 24 0.788 -1.1178 -1.5997 0.2351 -0.3585 0.4385 0.0694 0.4418 
YKIC140605Loc_DoubleSound 1 1632 -24 -0.4689 0.9996 0.9939 0.2063 1.1123 0.3594 0.1272 0.4414 
YKIC140605Loc_DoubleSound 1 1632 -6 12.7974 0.7149 0.5788 -4.9184 1.1974 0.0741 0.2277 0.1321 
YKIC140605Loc_DoubleSound 1 1632 6 1.8706 2.6356 1.2302 -1.6548 1.1313 0.3122 0.1157 0.0319 
YKIC140605Loc_DoubleSound 1 1632 24 -1.0997 0.8103 0.5548 0.53 0.917 0.1296 0.0735 0.3535 
YKIC141009Loc_DoubleSound 1 500 -24 -1.6987 1.1629 1.1632 -1.1517 1.4047 0.2347 0.2465 0.072 
YKIC141009Loc_DoubleSound 1 500 -6 4.4693 -1.0027 0.7436 -1.3139 0.1926 0.8674 0.9992 0.8327 
YKIC141009Loc_DoubleSound 1 500 6 9.8506 5.4341 1.2102 -2.4627 -0.5344 0.6266 0.8301 0.1322 
YKIC141009Loc_DoubleSound 1 500 24 4.9598 1.6039 0.9543 -2.628 0.3454 0.0126 0.1392 0.1686 
YKIC141009Loc_DoubleSound 1 1632 -24 0.5775 0.4391 0.8246 -0.4531 0.6864 0.2384 0.2436 0.471 
YKIC141009Loc_DoubleSound 1 1632 -6 -0.0416 0.644 0.9066 -0.9411 1.2993 0 0.9987 0.8277 
YKIC141009Loc_DoubleSound 1 1632 6 -1.4965 -2.6059 -1.9221 -5.8739 -1.0684 0.2879 0.8206 0.57 
YKIC141009Loc_DoubleSound 1 1632 24 -0.367 1.8555 1.1391 -1.8947 1.5825 0.3524 0.1409 0.2133 
YKIC141016Loc_DoubleSound 1 500 -24 131.0656 -2.3324 0.7423 -5.9823 -0.7245 0.4545 0.7103 0.1559 
YKIC141016Loc_DoubleSound 1 500 -6 177.2633 -8.78 0.2845 -13.0187 -7.1959 0.109 0.1104 0.6791 
YKIC141016Loc_DoubleSound 1 500 6 319.2767 -28.1518 0.1341 -47.018 -25.9983 0.0862 0.165 0.0216 
YKIC141016Loc_DoubleSound 1 500 24 409.8429 -2.5825 0.6417 -3.366 -1.2512 0.2257 0.1619 0.1258 
YKIC141016Loc_DoubleSound 1 1632 -24 -1.7944 2.7784 1.8283 0.9395 2.3587 0.0386 0.7196 0.3373 
YKIC141016Loc_DoubleSound 1 1632 -6 -1.8492 1.1235 1.3056 0.6025 2.0202 0.017 0.1155 0.2429 
YKIC141016Loc_DoubleSound 1 1632 6 5.5 2.3384 1.0655 0.2946 2.0722 0.0075 0.162 0.2774 
YKIC141016Loc_DoubleSound 1 1632 24 3.402 5.3239 0.9484 0.8774 2.3814 0.0317 0.1571 0.0998 
