1	8	1632	0	-24	-2859	0	50	0	NA
2	8	742	0	-6	-2859	1	50	0	1100
3	12	742	500	-24	6	0	50	50	NA
4	12	742	1632	-24	6	1	50	50	1000
5	8	500	0	24	-2859	0	50	0	NA
6	12	500	742	-24	6	1	50	50	1000
7	8	1632	0	-6	-2859	0	50	0	1000
8	8	742	0	-24	-2859	0	50	0	NA
9	12	1632	742	24	-6	0	50	50	1000
10	12	742	500	-24	6	0	50	50	1000
11	8	1632	0	-24	-2859	1	50	0	1100
12	12	742	500	-24	6	1	50	50	1000
13	12	742	1632	-24	6	1	50	50	1000
14	12	500	742	24	-6	1	50	50	1100
15	12	742	1632	-24	6	1	50	50	1100
16	8	742	0	24	-2859	1	50	0	1000
17	12	500	742	24	-6	0	50	50	1000
18	8	742	0	-24	-2859	1	50	0	1000
19	12	500	742	-24	6	1	50	50	1100
20	12	500	742	-24	6	1	50	50	1000
21	8	500	0	6	-2859	0	50	0	1100
22	8	742	0	-6	-2859	0	50	0	NA
23	8	1632	0	-24	-2859	0	50	0	NA
24	8	742	0	-6	-2859	1	50	0	1100
25	12	500	742	-24	6	0	50	50	NA
26	8	500	0	-24	-2859	0	50	0	1000
27	12	1632	742	24	-6	1	50	50	1000
28	12	742	500	-24	6	1	50	50	1000
29	8	1632	0	24	-2859	0	50	0	NA
30	8	1632	0	-6	-2859	0	50	0	NA
31	12	500	742	24	-6	0	50	50	NA
32	8	500	0	6	-2859	0	50	0	NA
33	12	1632	742	-24	6	0	50	50	NA
34	12	1632	742	24	-6	0	50	50	NA
35	8	500	0	-24	-2859	0	50	0	NA
36	12	742	1632	24	-6	0	50	50	NA
37	8	500	0	24	-2859	0	50	0	NA
38	8	500	0	6	-2859	0	50	0	NA
39	12	742	500	-24	6	0	50	50	NA
40	8	742	0	24	-2859	0	50	0	NA
41	12	742	500	24	-6	0	50	50	1000
42	12	742	500	24	-6	1	50	50	1100
43	12	500	742	24	-6	0	50	50	NA
44	12	742	500	-24	6	0	50	50	NA
45	8	1632	0	6	-2859	0	50	0	NA
46	12	500	742	-24	6	0	50	50	NA
47	12	742	500	24	-6	0	50	50	NA
48	12	1632	742	24	-6	0	50	50	1100
49	8	742	0	-24	-2859	1	50	0	1100
50	12	500	742	-24	6	1	50	50	1000
51	12	500	742	24	-6	1	50	50	1000
52	12	1632	742	-24	6	1	50	50	1000
53	12	742	500	24	-6	0	50	50	1000
54	8	500	0	6	-2859	0	50	0	1100
55	12	742	1632	-24	6	1	50	50	1000
56	8	1632	0	-24	-2859	1	50	0	1000
57	8	742	0	-24	-2859	1	50	0	1100
58	8	1632	0	24	-2859	1	50	0	1000
59	8	500	0	24	-2859	1	50	0	1000
60	12	1632	742	24	-6	1	50	50	1000
61	8	500	0	6	-2859	1	50	0	1100
62	8	742	0	-6	-2859	1	50	0	1000
63	12	742	1632	24	-6	0	50	50	1100
64	8	1632	0	24	-2859	1	50	0	1000
65	12	742	500	24	-6	1	50	50	1000
66	8	500	0	6	-2859	1	50	0	1000
67	12	742	1632	-24	6	1	50	50	1000
68	12	742	1632	24	-6	0	50	50	NA
69	8	742	0	6	-2859	0	50	0	1100
70	8	500	0	6	-2859	0	50	0	1000
71	8	742	0	24	-2859	1	50	0	1100
72	12	500	742	24	-6	1	50	50	1000
73	8	1632	0	-24	-2859	0	50	0	NA
74	8	1632	0	24	-2859	0	50	0	NA
75	12	1632	742	-24	6	0	50	50	NA
76	12	742	1632	24	-6	0	50	50	NA
77	8	1632	0	24	-2859	1	50	0	1100
78	8	1632	0	24	-2859	0	50	0	NA
79	12	742	1632	24	-6	0	50	50	1100
80	12	1632	742	24	-6	1	50	50	1000
81	12	742	1632	-24	6	0	50	50	1000
82	8	742	0	6	-2859	1	50	0	1000
83	12	1632	742	24	-6	1	50	50	1100
84	12	1632	742	24	-6	1	50	50	1100
85	8	742	0	24	-2859	1	50	0	1000
86	8	500	0	6	-2859	0	50	0	1100
87	8	500	0	-6	-2859	1	50	0	1000
88	12	742	1632	24	-6	0	50	50	NA
89	8	742	0	-6	-2859	1	50	0	1000
90	12	500	742	24	-6	1	50	50	1000
91	12	500	742	24	-6	0	50	50	1100
92	8	500	0	-24	-2859	1	50	0	1100
93	12	1632	742	24	-6	0	50	50	1000
94	12	1632	742	24	-6	1	50	50	1000
95	12	500	742	-24	6	0	50	50	1000
96	8	1632	0	-24	-2859	1	50	0	1000
97	8	1632	0	24	-2859	1	50	0	1000
98	12	1632	742	24	-6	1	50	50	1000
99	8	500	0	-6	-2859	1	50	0	1100
100	12	1632	742	-24	6	0	50	50	1000
101	8	500	0	-24	-2859	0	50	0	NA
102	8	500	0	24	-2859	0	50	0	NA
103	8	1632	0	-24	-2859	1	50	0	1000
104	12	1632	742	-24	6	1	50	50	1100
105	12	1632	742	24	-6	0	50	50	1100
106	8	742	0	6	-2859	1	50	0	1000
107	12	1632	742	24	-6	1	50	50	1000
108	12	742	500	-24	6	0	50	50	NA
109	8	1632	0	6	-2859	1	50	0	1000
110	8	1632	0	-24	-2859	1	50	0	1100
111	12	1632	742	-24	6	1	50	50	1100
112	8	742	0	6	-2859	1	50	0	1000
113	12	742	500	-24	6	1	50	50	1000
114	8	500	0	-24	-2859	0	50	0	NA
115	8	742	0	-24	-2859	1	50	0	1000
116	12	500	742	24	-6	1	50	50	1000
117	12	1632	742	24	-6	0	50	50	1100
118	12	742	500	-24	6	1	50	50	1100
119	12	742	1632	-24	6	1	50	50	1000
120	12	742	500	24	-6	1	50	50	1000
121	8	1632	0	-24	-2859	1	50	0	1000
122	8	1632	0	-6	-2859	1	50	0	1100
123	12	742	500	-24	6	1	50	50	1100
124	12	742	1632	-24	6	1	50	50	1000
125	8	500	0	24	-2859	0	50	0	1000
126	12	1632	742	-24	6	1	50	50	1000
127	8	1632	0	24	-2859	1	50	0	1000
128	12	500	742	24	-6	0	50	50	1000
129	12	742	1632	24	-6	0	50	50	1000
130	12	742	500	-24	6	1	50	50	1100
131	8	742	0	-24	-2859	1	50	0	1100
132	12	742	1632	24	-6	1	50	50	1100
133	8	500	0	6	-2859	0	50	0	1000
134	12	1632	742	-24	6	1	50	50	1000
135	12	742	1632	24	-6	0	50	50	1100
136	8	742	0	6	-2859	0	50	0	1000
137	12	742	1632	24	-6	0	50	50	NA
138	8	742	0	24	-2859	1	50	0	1100
139	12	742	1632	-24	6	1	50	50	1000
140	8	1632	0	6	-2859	1	50	0	1000
141	8	500	0	24	-2859	1	50	0	1000
142	8	742	0	-24	-2859	1	50	0	1000
143	12	742	500	24	-6	1	50	50	1100
144	8	742	0	-24	-2859	1	50	0	1100
145	8	742	0	-24	-2859	1	50	0	1000
146	8	742	0	24	-2859	1	50	0	1000
147	8	500	0	-24	-2859	1	50	0	1000
148	12	742	1632	24	-6	0	50	50	1000
149	8	500	0	-6	-2859	1	50	0	1100
150	8	1632	0	-24	-2859	1	50	0	1000
151	12	742	1632	24	-6	1	50	50	1100
152	8	500	0	-6	-2859	1	50	0	1000
153	12	742	1632	-24	6	0	50	50	1000
154	8	1632	0	24	-2859	1	50	0	1100
155	8	1632	0	6	-2859	0	50	0	1000
156	8	1632	0	-6	-2859	1	50	0	1000
157	8	1632	0	24	-2859	1	50	0	1000
158	8	1632	0	-6	-2859	1	50	0	1000
159	12	1632	742	-24	6	0	50	50	NA
160	8	1632	0	6	-2859	0	50	0	1000
161	8	742	0	-24	-2859	1	50	0	1100
162	12	1632	742	24	-6	0	50	50	1000
163	12	1632	742	-24	6	0	50	50	NA
164	8	500	0	6	-2859	1	50	0	1100
165	12	1632	742	-24	6	1	50	50	1100
166	8	742	0	6	-2859	1	50	0	1000
167	8	500	0	6	-2859	1	50	0	1000
168	8	500	0	-24	-2859	1	50	0	1000
169	8	742	0	-24	-2859	1	50	0	1100
170	8	1632	0	6	-2859	1	50	0	1000
171	8	1632	0	24	-2859	1	50	0	1100
172	8	742	0	24	-2859	1	50	0	1000
173	8	1632	0	-6	-2859	1	50	0	1000
174	8	500	0	24	-2859	1	50	0	1000
175	8	742	0	-24	-2859	1	50	0	1000
176	8	1632	0	-24	-2859	1	50	0	1000
177	8	500	0	6	-2859	0	50	0	1000
178	8	742	0	-6	-2859	0	50	0	1100
179	8	500	0	24	-2859	1	50	0	1100
180	12	500	742	-24	6	1	50	50	1000
181	12	500	742	-24	6	1	50	50	1100
182	8	742	0	24	-2859	1	50	0	1000
183	8	742	0	-6	-2859	1	50	0	1100
184	12	1632	742	24	-6	1	50	50	1000
185	12	1632	742	-24	6	0	50	50	1000
186	12	742	500	-24	6	1	50	50	1000
187	12	500	742	24	-6	0	50	50	1100
188	8	742	0	24	-2859	1	50	0	1000
189	12	742	1632	24	-6	0	50	50	NA
190	8	1632	0	-6	-2859	0	50	0	NA
191	12	500	742	-24	6	0	50	50	NA
192	8	1632	0	-24	-2859	1	50	0	1000
193	12	500	742	-24	6	1	50	50	1000
194	8	1632	0	-24	-2859	1	50	0	1100
195	12	1632	742	24	-6	1	50	50	1000
196	8	500	0	6	-2859	1	50	0	1100
197	8	742	0	6	-2859	1	50	0	1000
198	8	500	0	-6	-2859	1	50	0	1000
199	8	500	0	24	-2859	1	50	0	1100
200	12	500	742	-24	6	1	50	50	1000
201	8	742	0	6	-2859	1	50	0	1100
202	12	1632	742	-24	6	0	50	50	1000
203	8	742	0	-24	-2859	1	50	0	1000
204	12	742	1632	-24	6	1	50	50	1000
205	12	742	1632	24	-6	1	50	50	1000
206	8	1632	0	-24	-2859	1	50	0	1100
207	8	1632	0	-24	-2859	0	50	0	NA
208	12	500	742	24	-6	0	50	50	1000
209	12	500	742	24	-6	1	50	50	1000
210	8	500	0	-6	-2859	1	50	0	1100
211	12	742	500	-24	6	0	50	50	NA
212	12	1632	742	-24	6	0	50	50	1000
213	8	500	0	24	-2859	1	50	0	1000
214	8	742	0	-6	-2859	1	50	0	1000
215	12	742	1632	24	-6	0	50	50	1100
216	12	742	1632	24	-6	1	50	50	1100
217	8	742	0	-6	-2859	0	50	0	1000
218	12	742	1632	-24	6	0	50	50	NA
219	8	1632	0	-6	-2859	0	50	0	1000
220	8	500	0	24	-2859	0	50	0	1000
221	8	500	0	24	-2859	0	50	0	NA
222	8	500	0	-24	-2859	0	50	0	NA
223	12	500	742	24	-6	0	50	50	NA
224	12	742	1632	24	-6	0	50	50	NA
225	12	742	500	-24	6	0	50	50	NA
226	12	1632	742	24	-6	0	50	50	NA
227	12	742	1632	24	-6	0	50	50	NA
228	8	742	0	-6	-2859	0	50	0	NA
229	12	742	1632	-24	6	0	50	50	NA
230	8	1632	0	6	-2859	0	50	0	NA
231	12	1632	742	-24	6	0	50	50	NA
232	8	500	0	-6	-2859	0	50	0	NA
233	8	1632	0	24	-2859	0	50	0	NA
234	12	1632	742	24	-6	0	50	50	NA
235	8	742	0	6	-2859	0	50	0	NA
236	12	742	500	-24	6	0	50	50	NA
237	8	500	0	-24	-2859	0	50	0	NA
238	12	1632	742	-24	6	0	50	50	NA
239	12	742	1632	24	-6	0	50	50	NA
240	8	1632	0	6	-2859	0	50	0	NA
241	12	1632	742	24	-6	0	50	50	NA
242	12	500	742	-24	6	0	50	50	NA
243	8	742	0	-6	-2859	0	50	0	NA
244	8	742	0	6	-2859	0	50	0	NA
245	12	1632	742	24	-6	0	50	50	NA
246	12	1632	742	24	-6	0	50	50	NA
247	8	742	0	24	-2859	0	50	0	NA
248	8	1632	0	-6	-2859	0	50	0	NA
249	8	500	0	6	-2859	0	50	0	NA
250	12	500	742	24	-6	0	50	50	NA
251	12	1632	742	24	-6	0	50	50	NA
252	12	500	742	24	-6	0	50	50	NA
253	8	500	0	-24	-2859	0	50	0	NA
254	12	1632	742	24	-6	0	50	50	NA
255	12	742	500	24	-6	0	50	50	NA
256	8	500	0	6	-2859	0	50	0	NA
257	12	1632	742	24	-6	0	50	50	NA
258	12	742	500	24	-6	0	50	50	NA
259	8	1632	0	6	-2859	1	50	0	1000
260	12	1632	742	24	-6	0	50	50	1100
261	8	742	0	-6	-2859	1	50	0	1000
262	12	1632	742	-24	6	0	50	50	1100
263	12	742	1632	-24	6	0	50	50	1000
264	12	742	1632	24	-6	0	50	50	NA
265	12	742	1632	24	-6	0	50	50	NA
266	12	742	1632	-24	6	0	50	50	NA
267	8	1632	0	-24	-2859	0	50	0	1100
268	12	742	500	-24	6	0	50	50	NA
269	12	742	1632	-24	6	0	50	50	1100
270	12	742	500	-24	6	0	50	50	NA
271	8	742	0	24	-2859	0	50	0	NA
272	12	742	1632	-24	6	0	50	50	NA
273	8	500	0	-24	-2859	0	50	0	NA
274	12	742	1632	24	-6	0	50	50	NA
275	8	500	0	-6	-2859	0	50	0	NA
276	12	1632	742	24	-6	0	50	50	NA
277	12	1632	742	-24	6	0	50	50	NA
278	12	1632	742	24	-6	0	50	50	NA
279	8	742	0	24	-2859	0	50	0	NA
280	8	500	0	6	-2859	0	50	0	NA
281	12	500	742	-24	6	0	50	50	NA
282	12	742	500	-24	6	0	50	50	NA
283	12	742	1632	-24	6	0	50	50	NA
284	12	742	1632	-24	6	0	50	50	NA
285	8	1632	0	-24	-2859	0	50	0	NA
286	12	500	742	-24	6	0	50	50	NA
287	8	742	0	24	-2859	0	50	0	NA
288	12	1632	742	-24	6	0	50	50	NA
289	12	1632	742	24	-6	0	50	50	1000
290	8	500	0	6	-2859	0	50	0	NA
291	8	742	0	6	-2859	0	50	0	NA
292	8	1632	0	-6	-2859	0	50	0	NA
293	12	1632	742	24	-6	0	50	50	NA
294	8	1632	0	6	-2859	0	50	0	NA
295	8	500	0	24	-2859	0	50	0	NA
296	12	742	500	24	-6	1	50	50	1100
297	8	500	0	-24	-2859	0	50	0	NA
298	12	742	500	-24	6	0	50	50	NA
299	12	742	500	-24	6	0	50	50	NA
300	8	1632	0	-24	-2859	0	50	0	NA
301	8	500	0	-6	-2859	0	50	0	NA
302	8	742	0	-6	-2859	0	50	0	NA
303	12	742	500	-24	6	0	50	50	NA
304	8	742	0	-24	-2859	0	50	0	NA
305	12	500	742	-24	6	0	50	50	NA
306	12	742	1632	24	-6	0	50	50	NA
307	12	742	500	-24	6	0	50	50	NA
308	8	742	0	6	-2859	0	50	0	NA
309	12	742	1632	-24	6	0	50	50	NA
310	8	1632	0	-6	-2859	0	50	0	NA
311	12	742	1632	-24	6	0	50	50	NA
312	12	742	1632	-24	6	0	50	50	NA
313	12	1632	742	-24	6	0	50	50	1000
314	12	500	742	24	-6	0	50	50	NA
315	8	500	0	-24	-2859	0	50	0	NA
316	8	1632	0	24	-2859	0	50	0	NA
317	12	742	1632	-24	6	0	50	50	NA
318	12	1632	742	24	-6	0	50	50	NA
319	12	742	1632	24	-6	0	50	50	NA
320	8	500	0	24	-2859	0	50	0	NA
321	8	500	0	-24	-2859	0	50	0	NA
322	8	742	0	24	-2859	0	50	0	NA
323	8	742	0	24	-2859	0	50	0	NA
324	12	1632	742	24	-6	0	50	50	NA
325	8	1632	0	-6	-2859	0	50	0	NA
326	12	500	742	-24	6	0	50	50	NA
327	12	500	742	24	-6	0	50	50	NA
328	12	1632	742	24	-6	0	50	50	NA
329	12	500	742	-24	6	0	50	50	NA
330	8	742	0	-6	-2859	0	50	0	NA
331	12	742	500	-24	6	0	50	50	NA
332	8	500	0	-24	-2859	1	50	0	1000
333	8	1632	0	-24	-2859	1	50	0	1100
334	8	1632	0	-6	-2859	1	50	0	1000
335	12	742	500	24	-6	1	50	50	1000
336	12	500	742	24	-6	0	50	50	1100
337	12	500	742	-24	6	0	50	50	NA
338	12	1632	742	-24	6	0	50	50	NA
339	12	1632	742	24	-6	0	50	50	1000
340	12	500	742	-24	6	0	50	50	1000
341	8	500	0	-6	-2859	0	50	0	NA
342	8	500	0	6	-2859	0	50	0	1000
343	8	500	0	6	-2859	0	50	0	NA
344	8	500	0	-6	-2859	0	50	0	NA
345	8	742	0	24	-2859	0	50	0	NA
346	12	742	1632	24	-6	0	50	50	NA
347	8	500	0	-24	-2859	0	50	0	1100
348	12	742	1632	-24	6	0	50	50	NA
349	12	742	1632	24	-6	1	50	50	1000
350	8	1632	0	24	-2859	1	50	0	1000
351	8	742	0	-6	-2859	1	50	0	1000
352	12	742	1632	24	-6	1	50	50	1100
353	12	1632	742	24	-6	1	50	50	1000
354	12	742	1632	24	-6	1	50	50	1100
355	12	742	1632	-24	6	1	50	50	1000
356	12	742	1632	24	-6	1	50	50	1000
357	8	742	0	-6	-2859	1	50	0	1000
358	8	1632	0	-6	-2859	1	50	0	1000
359	12	742	500	24	-6	1	50	50	1100
360	8	1632	0	6	-2859	1	50	0	1000
361	8	1632	0	24	-2859	0	50	0	NA
362	12	742	500	-24	6	1	50	50	1000
363	8	1632	0	-24	-2859	1	50	0	1100
364	12	742	1632	-24	6	0	50	50	1000
365	12	500	742	24	-6	0	50	50	NA
366	12	1632	742	24	-6	0	50	50	NA
367	8	1632	0	24	-2859	0	50	0	NA
368	8	500	0	6	-2859	0	50	0	NA
369	8	500	0	24	-2859	0	50	0	NA
370	8	742	0	-24	-2859	0	50	0	NA
371	8	500	0	6	-2859	0	50	0	1000
372	8	1632	0	-6	-2859	0	50	0	1000
373	12	742	500	-24	6	1	50	50	1100
374	8	742	0	6	-2859	0	50	0	NA
375	8	742	0	24	-2859	0	50	0	NA
376	8	742	0	-6	-2859	0	50	0	NA
377	12	742	1632	-24	6	1	50	50	1000
378	8	742	0	-24	-2859	1	50	0	1000
379	8	500	0	-24	-2859	0	50	0	NA
380	12	500	742	24	-6	1	50	50	1100
381	12	500	742	24	-6	0	50	50	1000
382	12	742	1632	24	-6	1	50	50	1000
383	12	742	1632	24	-6	0	50	50	1100
384	12	1632	742	-24	6	0	50	50	1000
385	12	742	1632	-24	6	0	50	50	1100
386	12	742	1632	-24	6	0	50	50	1000
387	8	500	0	6	-2859	0	50	0	NA
388	8	742	0	-6	-2859	0	50	0	1000
389	12	742	500	-24	6	0	50	50	NA
390	8	1632	0	6	-2859	0	50	0	NA
391	8	500	0	-6	-2859	0	50	0	NA
392	12	742	500	-24	6	0	50	50	1000
393	8	1632	0	24	-2859	0	50	0	1000
394	12	742	500	-24	6	0	50	50	NA
395	8	1632	0	-6	-2859	0	50	0	NA
396	12	1632	742	24	-6	1	50	50	1000
397	12	1632	742	-24	6	0	50	50	NA
398	8	742	0	-6	-2859	0	50	0	NA
399	12	500	742	-24	6	0	50	50	NA
400	12	742	500	-24	6	0	50	50	NA
401	12	1632	742	-24	6	0	50	50	NA
402	8	1632	0	-24	-2859	0	50	0	NA
403	8	1632	0	-24	-2859	0	50	0	1000
404	8	1632	0	-6	-2859	0	50	0	NA
405	12	742	1632	-24	6	0	50	50	NA
406	8	500	0	24	-2859	0	50	0	NA
407	8	500	0	-6	-2859	0	50	0	NA
408	8	742	0	-24	-2859	0	50	0	NA
409	8	500	0	-24	-2859	0	50	0	NA
410	12	742	500	24	-6	0	50	50	NA
411	12	500	742	24	-6	0	50	50	NA
412	8	1632	0	24	-2859	0	50	0	NA
413	12	742	500	-24	6	0	50	50	NA
414	12	500	742	-24	6	0	50	50	NA
415	8	742	0	-6	-2859	0	50	0	NA
416	12	742	500	24	-6	0	50	50	NA
417	8	742	0	-6	-2859	0	50	0	NA
418	8	500	0	24	-2859	0	50	0	1000
419	12	742	1632	-24	6	0	50	50	NA
420	12	742	1632	24	-6	0	50	50	NA
421	8	500	0	-6	-2859	0	50	0	NA
422	12	1632	742	-24	6	0	50	50	NA
423	12	1632	742	24	-6	0	50	50	NA
424	12	1632	742	24	-6	0	50	50	NA
425	8	742	0	6	-2859	0	50	0	NA
426	8	500	0	6	-2859	0	50	0	NA
427	8	1632	0	6	-2859	0	50	0	NA
428	8	742	0	24	-2859	0	50	0	NA
429	12	742	1632	24	-6	0	50	50	NA
430	12	742	1632	24	-6	0	50	50	NA
431	12	742	500	24	-6	0	50	50	NA
432	12	742	1632	-24	6	0	50	50	NA
433	12	1632	742	-24	6	0	50	50	NA
434	8	500	0	24	-2859	0	50	0	NA
435	12	742	500	-24	6	0	50	50	NA
436	8	742	0	24	-2859	0	50	0	NA
437	12	1632	742	-24	6	0	50	50	NA
438	8	1632	0	-6	-2859	0	50	0	NA
439	8	1632	0	24	-2859	0	50	0	NA
440	12	742	500	24	-6	0	50	50	NA
441	8	500	0	24	-2859	0	50	0	NA
442	12	500	742	-24	6	0	50	50	NA
443	12	500	742	-24	6	0	50	50	NA
444	12	742	500	-24	6	0	50	50	NA
445	12	742	500	-24	6	0	50	50	NA
446	8	500	0	24	-2859	0	50	0	NA
447	8	1632	0	6	-2859	0	50	0	1000
448	12	742	1632	-24	6	0	50	50	1000
449	12	742	500	24	-6	0	50	50	NA
450	8	1632	0	-6	-2859	0	50	0	1100
451	8	742	0	-24	-2859	0	50	0	1000
452	8	742	0	-24	-2859	0	50	0	1100
453	8	500	0	-24	-2859	0	50	0	NA
454	8	742	0	6	-2859	0	50	0	NA
455	12	500	742	24	-6	0	50	50	1000
456	8	1632	0	6	-2859	0	50	0	NA
457	12	500	742	24	-6	0	50	50	NA
458	8	500	0	-24	-2859	0	50	0	NA
459	8	500	0	24	-2859	0	50	0	NA
460	12	742	500	-24	6	0	50	50	NA
461	12	500	742	24	-6	0	50	50	NA
462	8	500	0	6	-2859	0	50	0	NA
463	12	1632	742	-24	6	0	50	50	NA
464	8	742	0	-24	-2859	0	50	0	NA
465	12	500	742	24	-6	0	50	50	NA
466	12	742	500	24	-6	0	50	50	NA
467	8	742	0	-6	-2859	0	50	0	NA
468	12	500	742	-24	6	0	50	50	NA
469	12	742	500	24	-6	0	50	50	NA
470	12	1632	742	-24	6	0	50	50	NA
471	8	742	0	-6	-2859	0	50	0	NA
472	12	742	1632	24	-6	0	50	50	NA
473	12	742	500	24	-6	0	50	50	NA
474	12	742	500	-24	6	0	50	50	NA
475	8	500	0	-6	-2859	0	50	0	NA
476	8	500	0	24	-2859	0	50	0	NA
477	8	1632	0	-6	-2859	0	50	0	NA
478	8	1632	0	-24	-2859	0	50	0	NA
479	8	1632	0	-24	-2859	0	50	0	1000
480	12	742	500	24	-6	0	50	50	NA
481	8	1632	0	6	-2859	0	50	0	NA
482	8	1632	0	24	-2859	0	50	0	NA
483	12	742	500	24	-6	0	50	50	NA
484	8	742	0	6	-2859	0	50	0	NA
485	12	1632	742	24	-6	0	50	50	NA
486	12	500	742	-24	6	0	50	50	NA
487	12	1632	742	24	-6	0	50	50	NA
488	12	742	500	-24	6	0	50	50	NA
489	8	742	0	-6	-2859	0	50	0	NA
490	12	500	742	-24	6	0	50	50	NA
491	8	1632	0	6	-2859	0	50	0	NA
492	8	742	0	6	-2859	0	50	0	1000
493	8	500	0	-24	-2859	0	50	0	NA
494	12	742	1632	-24	6	0	50	50	NA
495	12	1632	742	24	-6	0	50	50	NA
496	8	1632	0	24	-2859	0	50	0	NA
497	12	742	500	-24	6	0	50	50	NA
498	8	500	0	6	-2859	0	50	0	NA
499	12	500	742	24	-6	0	50	50	NA
500	8	500	0	-6	-2859	0	50	0	NA
501	8	500	0	-6	-2859	0	50	0	NA
502	8	500	0	6	-2859	0	50	0	NA
503	12	1632	742	24	-6	0	50	50	NA
504	12	742	500	24	-6	0	50	50	NA
505	8	1632	0	-24	-2859	0	50	0	NA
506	8	500	0	-6	-2859	0	50	0	NA
507	12	500	742	24	-6	0	50	50	1000
508	8	742	0	-6	-2859	0	50	0	1000
509	12	742	1632	-24	6	0	50	50	NA
510	8	742	0	-6	-2859	0	50	0	NA
511	12	500	742	-24	6	0	50	50	1000
512	12	742	1632	24	-6	0	50	50	NA
513	12	742	500	-24	6	0	50	50	NA
514	8	742	0	-6	-2859	0	50	0	1000
515	8	1632	0	-6	-2859	0	50	0	1100
516	8	500	0	24	-2859	0	50	0	NA
517	12	500	742	24	-6	0	50	50	NA
518	12	500	742	24	-6	0	50	50	NA
519	12	500	742	24	-6	0	50	50	NA
520	12	742	500	24	-6	0	50	50	NA
521	12	500	742	24	-6	0	50	50	NA
522	8	1632	0	-24	-2859	0	50	0	1000
523	8	742	0	-6	-2859	0	50	0	NA
524	8	742	0	-24	-2859	0	50	0	NA
525	8	500	0	6	-2859	0	50	0	NA
526	8	500	0	24	-2859	0	50	0	NA
527	12	1632	742	-24	6	0	50	50	NA
528	12	500	742	24	-6	0	50	50	NA
529	12	742	500	-24	6	0	50	50	NA
530	12	1632	742	-24	6	0	50	50	NA
531	12	742	1632	24	-6	0	50	50	NA
532	12	500	742	-24	6	0	50	50	NA
533	8	500	0	6	-2859	0	50	0	NA
534	12	742	1632	-24	6	0	50	50	NA
535	12	500	742	-24	6	0	50	50	NA
536	12	742	500	24	-6	0	50	50	NA
537	12	742	500	-24	6	0	50	50	NA
538	8	1632	0	-24	-2859	0	50	0	NA
539	12	742	1632	24	-6	0	50	50	NA
540	12	742	500	24	-6	0	50	50	1000
541	12	500	742	-24	6	0	50	50	NA
542	12	500	742	-24	6	0	50	50	NA
543	8	1632	0	-6	-2859	0	50	0	NA
544	8	1632	0	6	-2859	0	50	0	NA
545	8	742	0	-24	-2859	0	50	0	1100
546	12	500	742	-24	6	0	50	50	NA
547	12	742	500	-24	6	0	50	50	NA
548	8	742	0	-24	-2859	0	50	0	NA
549	8	1632	0	-6	-2859	0	50	0	NA
550	12	742	1632	-24	6	0	50	50	NA
551	12	742	500	-24	6	0	50	50	NA
552	8	1632	0	-24	-2859	0	50	0	NA
553	8	1632	0	24	-2859	0	50	0	NA
554	8	1632	0	6	-2859	0	50	0	NA
555	8	500	0	24	-2859	0	50	0	NA
556	12	742	1632	-24	6	0	50	50	NA
557	12	500	742	24	-6	0	50	50	NA
558	12	1632	742	24	-6	0	50	50	NA
559	8	500	0	24	-2859	0	50	0	NA
560	12	742	500	-24	6	0	50	50	NA
561	12	1632	742	-24	6	0	50	50	NA
562	8	742	0	24	-2859	0	50	0	NA
563	12	500	742	-24	6	0	50	50	NA
564	8	500	0	-24	-2859	0	50	0	NA
565	12	500	742	-24	6	0	50	50	NA
566	12	742	1632	-24	6	0	50	50	NA
567	8	742	0	-24	-2859	0	50	0	1000
568	8	742	0	-6	-2859	0	50	0	NA
569	8	1632	0	6	-2859	0	50	0	NA
570	8	1632	0	-24	-2859	0	50	0	1100
571	8	500	0	6	-2859	0	50	0	NA
572	8	500	0	24	-2859	0	50	0	1100
573	12	742	500	-24	6	0	50	50	1000
574	12	742	1632	-24	6	0	50	50	1000
575	8	742	0	-24	-2859	0	50	0	NA
576	12	742	1632	24	-6	0	50	50	NA
577	12	742	1632	24	-6	0	50	50	NA
578	12	500	742	24	-6	0	50	50	NA
579	8	742	0	-6	-2859	0	50	0	NA
580	8	1632	0	24	-2859	0	50	0	NA
581	12	1632	742	24	-6	0	50	50	NA
582	8	1632	0	-6	-2859	0	50	0	NA
583	8	742	0	-24	-2859	0	50	0	NA
584	12	1632	742	24	-6	0	50	50	NA
585	8	500	0	-6	-2859	0	50	0	1100
586	12	742	1632	-24	6	0	50	50	NA
587	12	742	1632	-24	6	0	50	50	NA
588	12	742	500	-24	6	0	50	50	NA
589	8	1632	0	-24	-2859	0	50	0	NA
590	8	1632	0	24	-2859	0	50	0	NA
591	12	1632	742	24	-6	0	50	50	NA
592	12	742	500	24	-6	0	50	50	NA
593	12	1632	742	24	-6	0	50	50	NA
594	8	500	0	24	-2859	0	50	0	NA
595	8	500	0	-24	-2859	0	50	0	NA
596	12	742	1632	-24	6	0	50	50	NA
597	12	742	1632	24	-6	0	50	50	NA
598	12	500	742	24	-6	0	50	50	NA
599	8	742	0	24	-2859	0	50	0	NA
600	12	742	1632	24	-6	0	50	50	NA
601	12	742	1632	-24	6	0	50	50	NA
602	8	742	0	-6	-2859	0	50	0	NA
603	8	1632	0	24	-2859	0	50	0	NA
604	12	1632	742	-24	6	0	50	50	NA
605	12	500	742	24	-6	0	50	50	NA
606	8	742	0	24	-2859	0	50	0	NA
607	12	1632	742	-24	6	0	50	50	NA
608	8	1632	0	24	-2859	0	50	0	NA
609	8	500	0	-24	-2859	0	50	0	NA
610	12	742	1632	-24	6	0	50	50	NA
611	8	1632	0	-6	-2859	0	50	0	NA
612	8	1632	0	-24	-2859	0	50	0	NA
613	12	1632	742	24	-6	0	50	50	NA
614	12	1632	742	24	-6	0	50	50	NA
615	12	500	742	24	-6	0	50	50	NA
616	12	742	1632	-24	6	0	50	50	NA
617	12	742	500	24	-6	0	50	50	NA
618	8	742	0	-6	-2859	0	50	0	NA
619	8	1632	0	6	-2859	0	50	0	NA
620	8	500	0	-6	-2859	0	50	0	1000
621	8	742	0	-24	-2859	0	50	0	1000
622	8	1632	0	-24	-2859	0	50	0	1100
623	12	742	500	-24	6	0	50	50	NA
624	8	500	0	-6	-2859	0	50	0	NA
625	8	742	0	6	-2859	0	50	0	NA
626	12	1632	742	24	-6	0	50	50	NA
627	12	742	1632	-24	6	0	50	50	NA
628	8	500	0	24	-2859	0	50	0	NA
629	8	1632	0	24	-2859	0	50	0	NA
630	12	742	1632	24	-6	0	50	50	NA
631	12	500	742	24	-6	0	50	50	NA
632	8	1632	0	24	-2859	0	50	0	NA
633	12	500	742	-24	6	0	50	50	1000
634	12	1632	742	24	-6	0	50	50	NA
635	8	742	0	24	-2859	0	50	0	NA
636	12	742	500	24	-6	1	50	50	1100
637	12	742	500	-24	6	0	50	50	1100
638	12	1632	742	-24	6	0	50	50	NA
639	8	742	0	6	-2859	0	50	0	NA
640	8	1632	0	24	-2859	1	50	0	1000
641	12	1632	742	-24	6	0	50	50	1000
642	8	742	0	-24	-2859	0	50	0	NA
643	12	500	742	-24	6	0	50	50	1100
644	8	500	0	24	-2859	0	50	0	1000
645	8	500	0	-6	-2859	0	50	0	NA
646	8	1632	0	6	-2859	0	50	0	1000
647	8	500	0	6	-2859	0	50	0	1000
648	8	1632	0	6	-2859	0	50	0	NA
649	8	1632	0	-6	-2859	0	50	0	NA
650	12	1632	742	-24	6	0	50	50	NA
651	12	500	742	24	-6	0	50	50	NA
652	8	1632	0	-24	-2859	0	50	0	NA
653	8	742	0	-24	-2859	0	50	0	NA
654	12	742	1632	24	-6	0	50	50	NA
655	12	1632	742	24	-6	0	50	50	NA
656	12	1632	742	24	-6	0	50	50	NA
657	8	742	0	-6	-2859	0	50	0	NA
658	8	500	0	-6	-2859	0	50	0	NA
659	12	500	742	-24	6	0	50	50	NA
660	12	500	742	24	-6	0	50	50	NA
661	12	500	742	-24	6	0	50	50	NA
662	8	500	0	6	-2859	0	50	0	NA
663	12	500	742	24	-6	0	50	50	NA
664	8	1632	0	6	-2859	0	50	0	NA
665	12	742	1632	-24	6	0	50	50	NA
666	8	500	0	-24	-2859	0	50	0	NA
667	8	742	0	6	-2859	0	50	0	NA
668	12	500	742	24	-6	0	50	50	NA
669	12	1632	742	24	-6	0	50	50	NA
670	8	1632	0	-6	-2859	0	50	0	NA
671	8	1632	0	6	-2859	0	50	0	NA
672	12	742	500	24	-6	0	50	50	NA
673	8	500	0	6	-2859	0	50	0	NA
674	8	1632	0	-24	-2859	0	50	0	NA
675	12	1632	742	-24	6	0	50	50	NA
676	12	500	742	24	-6	0	50	50	1000
677	12	742	1632	-24	6	0	50	50	1000
678	12	742	1632	-24	6	0	50	50	NA
679	12	1632	742	-24	6	0	50	50	1100
680	12	742	500	24	-6	0	50	50	1000
681	8	500	0	24	-2859	0	50	0	1000
682	8	500	0	-24	-2859	0	50	0	1000
683	8	742	0	24	-2859	0	50	0	1000
684	8	742	0	6	-2859	0	50	0	NA
685	8	1632	0	-24	-2859	0	50	0	NA
686	12	1632	742	24	-6	0	50	50	1000
687	8	742	0	-24	-2859	0	50	0	1100
688	12	742	500	24	-6	0	50	50	NA
689	8	500	0	-24	-2859	0	50	0	NA
690	12	500	742	-24	6	0	50	50	NA
691	12	742	500	24	-6	0	50	50	NA
692	8	500	0	24	-2859	0	50	0	NA
693	12	742	1632	-24	6	0	50	50	NA
694	12	742	500	-24	6	0	50	50	NA
695	8	1632	0	-6	-2859	0	50	0	NA
696	8	742	0	-6	-2859	0	50	0	NA
697	8	500	0	-6	-2859	0	50	0	NA
698	12	1632	742	-24	6	0	50	50	1000
699	8	500	0	6	-2859	0	50	0	NA
700	12	1632	742	-24	6	0	50	50	NA
701	12	742	1632	-24	6	0	50	50	NA
702	8	742	0	-24	-2859	1	50	0	1000
703	12	500	742	-24	6	0	50	50	NA
704	12	1632	742	-24	6	0	50	50	NA
705	12	500	742	24	-6	0	50	50	NA
706	12	742	1632	24	-6	0	50	50	NA
707	12	500	742	24	-6	0	50	50	1000
708	8	1632	0	-24	-2859	0	50	0	NA
709	8	742	0	-6	-2859	0	50	0	1100
710	12	500	742	24	-6	0	50	50	NA
711	8	1632	0	24	-2859	0	50	0	NA
712	8	500	0	6	-2859	0	50	0	NA
713	12	742	1632	24	-6	0	50	50	NA
714	12	742	1632	24	-6	1	50	50	1000
715	8	500	0	24	-2859	0	50	0	NA
716	12	1632	742	-24	6	0	50	50	NA
717	12	1632	742	24	-6	0	50	50	NA
718	8	1632	0	-24	-2859	0	50	0	NA
719	12	1632	742	-24	6	0	50	50	NA
720	8	500	0	6	-2859	1	50	0	1000
721	12	1632	742	24	-6	0	50	50	1100
722	12	500	742	-24	6	0	50	50	1100
723	12	1632	742	24	-6	0	50	50	NA
724	8	742	0	-6	-2859	0	50	0	NA
725	8	1632	0	24	-2859	0	50	0	NA
726	8	742	0	-24	-2859	0	50	0	NA
727	8	742	0	24	-2859	0	50	0	NA
728	12	1632	742	24	-6	0	50	50	NA
729	12	500	742	24	-6	0	50	50	NA
730	8	500	0	-6	-2859	0	50	0	NA
731	12	742	1632	24	-6	0	50	50	NA
732	8	1632	0	24	-2859	0	50	0	NA
733	12	742	1632	-24	6	0	50	50	NA
734	8	742	0	-6	-2859	0	50	0	NA
735	8	742	0	6	-2859	0	50	0	NA
736	8	500	0	-6	-2859	0	50	0	NA
737	12	742	1632	24	-6	0	50	50	NA
738	12	500	742	-24	6	1	50	50	1000
739	8	500	0	-6	-2859	1	50	0	1100
740	12	500	742	-24	6	0	50	50	NA
741	12	500	742	-24	6	0	50	50	NA
742	8	742	0	6	-2859	0	50	0	NA
743	12	500	742	-24	6	0	50	50	NA
744	12	742	1632	-24	6	0	50	50	1000
745	8	1632	0	6	-2859	0	50	0	NA
746	12	742	500	-24	6	0	50	50	NA
747	12	1632	742	24	-6	0	50	50	NA
748	12	742	500	24	-6	0	50	50	NA
749	12	742	500	24	-6	0	50	50	1000
750	12	500	742	-24	6	0	50	50	NA
751	8	500	0	6	-2859	0	50	0	NA
752	12	500	742	-24	6	0	50	50	NA
753	12	500	742	-24	6	0	50	50	NA
754	12	500	742	24	-6	0	50	50	1100
755	12	500	742	-24	6	0	50	50	NA
756	12	742	1632	-24	6	0	50	50	1000
757	8	1632	0	-24	-2859	0	50	0	NA
758	12	500	742	24	-6	0	50	50	NA
759	8	742	0	-6	-2859	0	50	0	NA
760	8	1632	0	24	-2859	0	50	0	NA
761	12	742	500	-24	6	1	50	50	1000
762	8	742	0	-24	-2859	0	50	0	NA
763	12	742	500	24	-6	0	50	50	NA
764	8	742	0	24	-2859	0	50	0	1100
765	8	742	0	-6	-2859	0	50	0	NA
766	12	1632	742	-24	6	0	50	50	1100
767	8	1632	0	6	-2859	0	50	0	1000
768	12	1632	742	-24	6	0	50	50	NA
769	12	1632	742	-24	6	1	50	50	1000
770	12	500	742	-24	6	0	50	50	1000
771	8	1632	0	-6	-2859	0	50	0	NA
772	12	742	1632	-24	6	1	50	50	1100
773	8	1632	0	-6	-2859	1	50	0	1000
774	8	500	0	-24	-2859	1	50	0	1000
775	12	742	1632	-24	6	1	50	50	1000
776	12	742	1632	24	-6	1	50	50	1100
777	12	742	1632	-24	6	0	50	50	NA
778	8	742	0	-24	-2859	1	50	0	1100
779	8	500	0	-6	-2859	1	50	0	1000
780	8	500	0	-24	-2859	1	50	0	1000
781	12	742	1632	24	-6	0	50	50	1000
782	8	500	0	24	-2859	1	50	0	1000
783	8	500	0	-24	-2859	0	50	0	NA
784	12	500	742	24	-6	1	50	50	1000
785	12	1632	742	24	-6	0	50	50	NA
786	12	742	500	24	-6	0	50	50	NA
787	12	742	1632	-24	6	0	50	50	1000
788	8	1632	0	-6	-2859	0	50	0	NA
789	8	742	0	-24	-2859	0	50	0	NA
790	8	500	0	6	-2859	1	50	0	1000
791	12	1632	742	24	-6	1	50	50	1000
792	8	500	0	6	-2859	1	50	0	1000
793	8	742	0	6	-2859	1	50	0	1000
794	8	1632	0	24	-2859	0	50	0	NA
795	8	742	0	-6	-2859	1	50	0	1000
796	12	742	1632	24	-6	1	50	50	1000
797	12	500	742	-24	6	1	50	50	1100
798	8	1632	0	-6	-2859	1	50	0	1000
799	12	742	1632	-24	6	1	50	50	1100
800	12	742	1632	24	-6	1	50	50	1100
801	8	500	0	-24	-2859	0	50	0	NA
802	12	500	742	24	-6	0	50	50	1000
803	8	500	0	-6	-2859	1	50	0	1000
804	12	742	1632	24	-6	1	50	50	1000
805	8	500	0	-6	-2859	1	50	0	1100
806	12	742	500	24	-6	1	50	50	1000
807	8	1632	0	-6	-2859	1	50	0	1000
808	8	500	0	6	-2859	0	50	0	NA
809	8	1632	0	-6	-2859	0	50	0	1000
810	8	742	0	-24	-2859	1	50	0	1100
811	8	742	0	24	-2859	0	50	0	NA
812	12	500	742	24	-6	1	50	50	1000
813	8	742	0	-6	-2859	0	50	0	1000
814	8	1632	0	6	-2859	0	50	0	NA
815	12	742	1632	-24	6	0	50	50	NA
816	12	742	500	24	-6	0	50	50	NA
817	8	1632	0	-6	-2859	0	50	0	NA
818	12	1632	742	24	-6	0	50	50	NA
819	8	1632	0	24	-2859	1	50	0	1100
820	12	742	1632	-24	6	1	50	50	1000
821	12	742	1632	-24	6	0	50	50	NA
822	12	1632	742	-24	6	0	50	50	NA
823	12	500	742	24	-6	0	50	50	1000
824	12	742	500	-24	6	0	50	50	NA
825	12	500	742	-24	6	0	50	50	NA
826	8	500	0	-6	-2859	1	50	0	1000
827	8	500	0	24	-2859	0	50	0	NA
828	8	1632	0	-6	-2859	1	50	0	1100
829	8	742	0	-24	-2859	0	50	0	1100
830	12	742	500	24	-6	1	50	50	1000
831	8	1632	0	24	-2859	1	50	0	1000
832	12	742	1632	-24	6	0	50	50	1000
833	12	742	1632	24	-6	0	50	50	NA
834	12	742	500	-24	6	1	50	50	1000
835	8	742	0	-24	-2859	1	50	0	1100
836	8	742	0	24	-2859	1	50	0	1000
837	12	500	742	-24	6	1	50	50	1100
838	12	742	500	24	-6	0	50	50	NA
839	8	500	0	6	-2859	0	50	0	NA
840	12	742	500	24	-6	0	50	50	NA
841	12	1632	742	-24	6	0	50	50	1000
842	8	500	0	24	-2859	1	50	0	1100
843	8	500	0	6	-2859	0	50	0	1000
844	12	500	742	-24	6	0	50	50	NA
845	8	1632	0	-6	-2859	0	50	0	NA
846	12	1632	742	24	-6	0	50	50	1100
847	12	742	1632	24	-6	1	50	50	1100
848	8	500	0	-6	-2859	0	50	0	NA
849	8	742	0	-24	-2859	1	50	0	1000
850	8	1632	0	6	-2859	0	50	0	1000
851	12	500	742	24	-6	1	50	50	1000
852	8	742	0	-24	-2859	1	50	0	1000
853	12	742	500	24	-6	1	50	50	1100
854	12	500	742	24	-6	0	50	50	NA
855	8	742	0	6	-2859	1	50	0	1100
856	12	1632	742	-24	6	0	50	50	1000
857	12	1632	742	24	-6	0	50	50	1000
858	8	500	0	6	-2859	1	50	0	1000
859	12	500	742	-24	6	0	50	50	1100
860	12	500	742	24	-6	0	50	50	1000
861	12	500	742	-24	6	0	50	50	1000
862	8	1632	0	-6	-2859	0	50	0	NA
863	12	742	500	24	-6	0	50	50	NA
864	8	742	0	6	-2859	1	50	0	1000
865	12	500	742	24	-6	0	50	50	NA
866	8	742	0	-6	-2859	0	50	0	NA
867	12	500	742	24	-6	0	50	50	NA
868	12	742	1632	24	-6	0	50	50	NA
869	8	500	0	6	-2859	1	50	0	1000
870	12	500	742	-24	6	1	50	50	1100
871	8	1632	0	24	-2859	1	50	0	1000
872	8	500	0	-6	-2859	1	50	0	1000
873	8	1632	0	-6	-2859	0	50	0	1000
874	8	500	0	-6	-2859	0	50	0	NA
875	8	742	0	-24	-2859	0	50	0	NA
876	8	1632	0	6	-2859	0	50	0	NA
877	8	742	0	-6	-2859	0	50	0	NA
878	12	742	1632	-24	6	1	50	50	1000
879	8	742	0	-6	-2859	1	50	0	1100
880	8	742	0	-24	-2859	1	50	0	1000
881	8	742	0	24	-2859	0	50	0	NA
882	8	500	0	-6	-2859	0	50	0	NA
883	12	1632	742	24	-6	0	50	50	NA
884	12	742	1632	24	-6	0	50	50	NA
885	12	500	742	-24	6	1	50	50	1100
886	8	500	0	6	-2859	0	50	0	NA
887	8	1632	0	-24	-2859	1	50	0	1000
888	8	1632	0	24	-2859	1	50	0	1000
889	8	742	0	-24	-2859	1	50	0	1000
890	8	1632	0	6	-2859	0	50	0	1100
891	8	500	0	-6	-2859	1	50	0	1000
892	12	742	1632	24	-6	0	50	50	1000
893	8	500	0	-24	-2859	1	50	0	1100
894	12	1632	742	-24	6	1	50	50	1000
895	12	1632	742	24	-6	0	50	50	1000
896	8	500	0	6	-2859	0	50	0	NA
897	12	742	1632	24	-6	0	50	50	NA
898	12	742	500	-24	6	0	50	50	NA
899	12	742	1632	24	-6	0	50	50	NA
900	8	1632	0	24	-2859	0	50	0	NA
901	8	500	0	-24	-2859	0	50	0	NA
902	12	742	1632	24	-6	1	50	50	1000
903	12	742	1632	24	-6	1	50	50	1100
904	8	1632	0	-6	-2859	0	50	0	NA
905	8	500	0	-6	-2859	0	50	0	NA
906	8	742	0	-24	-2859	0	50	0	NA
907	12	1632	742	24	-6	0	50	50	NA
908	8	1632	0	6	-2859	0	50	0	NA
909	12	500	742	24	-6	0	50	50	NA
910	8	742	0	24	-2859	0	50	0	NA
911	8	742	0	24	-2859	1	50	0	1000
912	8	500	0	-24	-2859	0	50	0	NA
913	12	1632	742	24	-6	0	50	50	NA
914	8	500	0	6	-2859	0	50	0	NA
915	12	742	500	-24	6	0	50	50	1100
916	8	1632	0	6	-2859	1	50	0	1000
917	8	500	0	-24	-2859	1	50	0	1000
918	12	742	1632	-24	6	1	50	50	1000
919	12	742	500	24	-6	1	50	50	1000
920	8	742	0	-24	-2859	1	50	0	1000
921	8	742	0	6	-2859	1	50	0	1100
922	8	742	0	-6	-2859	0	50	0	NA
923	12	500	742	-24	6	0	50	50	NA
924	8	1632	0	-6	-2859	0	50	0	1000
925	12	742	1632	24	-6	0	50	50	1100
926	8	500	0	-24	-2859	0	50	0	1000
927	12	742	1632	-24	6	0	50	50	NA
928	8	1632	0	24	-2859	0	50	0	NA
929	12	500	742	-24	6	0	50	50	1000
930	8	500	0	-6	-2859	1	50	0	1000
931	12	500	742	-24	6	0	50	50	1000
932	12	500	742	-24	6	0	50	50	1000
933	12	742	1632	-24	6	0	50	50	1000
934	12	500	742	24	-6	0	50	50	1100
935	12	742	1632	-24	6	0	50	50	NA
936	12	742	500	-24	6	0	50	50	1000
937	8	500	0	6	-2859	0	50	0	1000
938	12	1632	742	-24	6	0	50	50	1000
939	12	742	1632	24	-6	0	50	50	1000
940	8	1632	0	-24	-2859	0	50	0	NA
941	8	1632	0	6	-2859	0	50	0	NA
942	8	742	0	6	-2859	0	50	0	NA
943	12	742	500	24	-6	0	50	50	NA
944	8	742	0	-24	-2859	0	50	0	NA
945	12	500	742	-24	6	0	50	50	NA
946	12	742	500	-24	6	0	50	50	NA
947	12	1632	742	24	-6	0	50	50	NA
948	12	500	742	-24	6	0	50	50	NA
949	8	500	0	-6	-2859	0	50	0	NA
950	8	742	0	6	-2859	0	50	0	NA
951	12	1632	742	24	-6	0	50	50	NA
952	12	1632	742	-24	6	0	50	50	NA
953	12	742	1632	-24	6	0	50	50	NA
954	8	1632	0	6	-2859	0	50	0	NA
955	8	500	0	-6	-2859	0	50	0	NA
956	12	742	500	-24	6	0	50	50	NA
957	8	1632	0	6	-2859	0	50	0	NA
958	12	742	1632	-24	6	0	50	50	NA
