1	12	1100	742	-24	6	0	65	65	NA
2	8	500	0	-6	-2859	0	50	0	NA
3	12	742	903	24	-6	1	65	65	700
4	12	903	742	-24	6	0	65	65	600
5	12	500	742	24	-6	0	65	65	NA
6	12	903	742	-24	6	1	65	65	800
7	12	500	742	-24	6	1	65	65	600
8	12	1100	742	-24	6	0	65	65	700
9	12	1100	742	24	-6	1	65	65	700
10	8	742	0	24	-2859	1	50	0	600
11	12	742	500	24	-6	1	65	65	600
12	8	500	0	6	-2859	0	50	0	700
13	8	742	0	-6	-2859	1	50	0	600
14	12	742	903	24	-6	1	65	65	700
15	8	1632	0	-24	-2859	0	50	0	NA
16	8	742	0	-6	-2859	0	50	0	NA
17	12	500	742	-24	6	0	65	65	NA
18	12	903	742	-24	6	1	65	65	700
19	8	1632	0	24	-2859	0	50	0	800
20	8	1632	0	6	-2859	1	50	0	600
21	12	742	903	24	-6	1	65	65	600
22	8	500	0	6	-2859	0	50	0	600
23	12	1100	742	24	-6	0	65	65	NA
24	12	742	1100	-24	6	0	65	65	800
25	12	903	742	-24	6	1	65	65	700
26	12	903	742	24	-6	1	65	65	800
27	8	500	0	6	-2859	0	50	0	700
28	12	500	742	24	-6	1	65	65	600
29	8	742	0	24	-2859	1	50	0	600
30	12	742	500	-24	6	0	65	65	NA
31	12	742	500	-24	6	1	65	65	600
32	8	742	0	-24	-2859	1	50	0	600
33	12	742	1100	-24	6	0	65	65	NA
34	12	903	742	-24	6	0	65	65	700
35	8	742	0	-24	-2859	1	50	0	600
36	8	500	0	6	-2859	0	50	0	600
37	12	742	609	24	-6	1	65	65	800
38	8	500	0	24	-2859	1	50	0	700
39	8	1632	0	-6	-2859	1	50	0	700
40	8	1632	0	24	-2859	1	50	0	600
41	12	903	742	24	-6	1	65	65	600
42	8	1632	0	-24	-2859	1	50	0	800
43	12	742	500	24	-6	0	65	65	NA
44	12	1100	742	24	-6	1	65	65	700
45	8	500	0	6	-2859	0	50	0	800
46	12	742	609	24	-6	0	65	65	NA
47	12	903	742	24	-6	1	65	65	700
48	12	1100	742	24	-6	1	65	65	600
49	8	500	0	24	-2859	1	50	0	700
50	12	742	500	-24	6	1	65	65	600
51	8	742	0	-6	-2859	1	50	0	700
52	12	742	1100	-24	6	1	65	65	800
53	12	742	1100	-24	6	1	65	65	700
54	12	903	742	24	-6	1	65	65	800
55	8	742	0	6	-2859	1	50	0	600
56	8	742	0	24	-2859	1	50	0	600
57	12	742	903	-24	6	0	65	65	700
58	12	1100	742	-24	6	1	65	65	700
59	8	1632	0	6	-2859	0	50	0	NA
60	8	1632	0	-24	-2859	1	50	0	600
61	12	742	609	-24	6	0	65	65	NA
62	12	1100	742	-24	6	0	65	65	800
63	8	500	0	-6	-2859	1	50	0	700
64	8	500	0	6	-2859	0	50	0	NA
65	8	1632	0	24	-2859	0	50	0	NA
66	12	742	903	-24	6	0	65	65	700
67	12	742	609	-24	6	0	65	65	700
68	12	742	500	-24	6	0	65	65	NA
69	12	903	742	-24	6	0	65	65	NA
70	8	1632	0	-24	-2859	0	50	0	NA
71	8	1632	0	-24	-2859	0	50	0	NA
72	8	500	0	6	-2859	0	50	0	NA
73	12	903	742	24	-6	0	65	65	NA
74	12	742	500	-24	6	1	65	65	600
75	8	742	0	6	-2859	0	50	0	800
76	12	1100	742	24	-6	0	65	65	NA
77	8	742	0	24	-2859	0	50	0	NA
78	8	742	0	24	-2859	1	50	0	600
79	12	742	903	24	-6	1	65	65	700
80	8	1632	0	6	-2859	0	50	0	600
81	8	500	0	24	-2859	0	50	0	800
82	8	500	0	-24	-2859	0	50	0	NA
83	12	742	1100	24	-6	1	65	65	700
84	12	742	1100	-24	6	0	65	65	700
85	8	1632	0	-6	-2859	0	50	0	NA
86	12	742	500	24	-6	0	65	65	NA
87	12	742	500	-24	6	0	65	65	NA
88	12	742	1100	24	-6	0	65	65	NA
89	8	500	0	-24	-2859	0	50	0	NA
90	12	500	742	-24	6	0	65	65	NA
91	12	742	1100	-24	6	0	65	65	NA
92	12	742	609	-24	6	0	65	65	NA
93	8	500	0	-6	-2859	0	50	0	NA
94	8	742	0	24	-2859	0	50	0	NA
95	12	742	903	-24	6	0	65	65	800
96	12	742	609	24	-6	0	65	65	NA
97	8	742	0	24	-2859	0	50	0	NA
98	12	742	500	-24	6	0	65	65	NA
99	12	903	742	-24	6	0	65	65	NA
100	8	742	0	6	-2859	0	50	0	NA
101	8	1632	0	-24	-2859	0	50	0	NA
102	12	1100	742	24	-6	0	65	65	NA
103	12	903	742	24	-6	0	65	65	NA
104	8	1632	0	24	-2859	0	50	0	NA
105	8	500	0	6	-2859	0	50	0	NA
106	12	609	742	24	-6	0	65	65	NA
107	8	500	0	24	-2859	0	50	0	NA
108	8	1632	0	-6	-2859	0	50	0	NA
109	12	742	903	-24	6	0	65	65	NA
110	12	609	742	24	-6	0	65	65	NA
111	8	742	0	24	-2859	0	50	0	NA
112	12	609	742	-24	6	0	65	65	NA
113	8	742	0	-24	-2859	0	50	0	NA
114	12	1100	742	-24	6	0	65	65	NA
115	12	500	742	-24	6	0	65	65	NA
116	8	500	0	24	-2859	0	50	0	NA
117	12	742	903	24	-6	0	65	65	NA
118	12	742	903	-24	6	0	65	65	NA
119	8	742	0	-24	-2859	0	50	0	NA
120	12	742	500	24	-6	0	65	65	NA
121	8	500	0	24	-2859	0	50	0	NA
122	12	1100	742	-24	6	0	65	65	NA
123	8	500	0	-6	-2859	0	50	0	NA
124	8	1632	0	24	-2859	0	50	0	NA
125	12	609	742	24	-6	0	65	65	NA
126	8	1632	0	-6	-2859	0	50	0	NA
127	12	742	609	-24	6	0	65	65	NA
128	8	742	0	-24	-2859	0	50	0	NA
129	8	1632	0	-24	-2859	0	50	0	NA
130	8	1632	0	24	-2859	0	50	0	NA
131	8	1632	0	-24	-2859	0	50	0	NA
132	8	742	0	24	-2859	0	50	0	NA
133	8	1632	0	-24	-2859	0	50	0	NA
134	12	500	742	-24	6	0	65	65	NA
135	12	1100	742	24	-6	0	65	65	NA
136	12	609	742	-24	6	0	65	65	NA
137	12	903	742	-24	6	0	65	65	NA
138	12	742	609	-24	6	0	65	65	NA
139	8	742	0	6	-2859	0	50	0	NA
140	8	1632	0	24	-2859	0	50	0	NA
141	12	903	742	24	-6	0	65	65	NA
142	8	500	0	24	-2859	0	50	0	NA
143	8	500	0	-24	-2859	0	50	0	NA
144	8	742	0	6	-2859	0	50	0	NA
145	12	742	903	-24	6	0	65	65	NA
146	8	500	0	6	-2859	0	50	0	NA
147	12	1100	742	24	-6	0	65	65	NA
148	12	742	609	24	-6	0	65	65	NA
149	12	609	742	-24	6	0	65	65	NA
150	8	742	0	6	-2859	0	50	0	NA
151	12	742	903	-24	6	0	65	65	NA
152	8	742	0	-24	-2859	0	50	0	NA
153	8	1632	0	-6	-2859	0	50	0	NA
154	8	500	0	-6	-2859	0	50	0	NA
155	12	500	742	24	-6	0	65	65	NA
156	12	742	500	-24	6	0	65	65	NA
157	8	1632	0	6	-2859	0	50	0	NA
158	12	742	903	-24	6	0	65	65	NA
159	8	500	0	-6	-2859	0	50	0	NA
160	12	1100	742	-24	6	0	65	65	NA
161	8	500	0	-24	-2859	0	50	0	NA
162	8	742	0	6	-2859	0	50	0	NA
163	12	742	500	24	-6	0	65	65	NA
164	12	903	742	-24	6	0	65	65	NA
165	12	742	500	24	-6	0	65	65	NA
166	12	903	742	24	-6	0	65	65	600
167	8	742	0	24	-2859	1	50	0	700
168	8	1632	0	-6	-2859	1	50	0	800
169	12	500	742	24	-6	1	65	65	600
170	8	742	0	24	-2859	1	50	0	700
171	12	903	742	-24	6	0	65	65	600
172	8	742	0	24	-2859	0	50	0	NA
173	12	742	1100	-24	6	0	65	65	NA
174	12	742	1100	24	-6	0	65	65	NA
175	8	1632	0	-24	-2859	0	50	0	NA
176	8	742	0	6	-2859	0	50	0	NA
177	12	742	500	-24	6	0	65	65	NA
178	12	903	742	24	-6	0	65	65	NA
179	12	742	1100	-24	6	0	65	65	NA
180	12	742	500	-24	6	0	65	65	NA
181	8	742	0	-24	-2859	0	50	0	NA
182	8	1632	0	24	-2859	0	50	0	NA
183	12	500	742	-24	6	1	65	65	600
184	12	742	1100	-24	6	0	65	65	700
185	12	903	742	24	-6	0	65	65	NA
186	12	742	500	24	-6	0	65	65	NA
187	8	500	0	-24	-2859	1	50	0	600
188	12	742	609	-24	6	1	65	65	800
189	8	1632	0	6	-2859	0	50	0	NA
190	12	903	742	24	-6	1	65	65	700
191	12	742	500	24	-6	1	65	65	600
192	12	742	1100	-24	6	1	65	65	700
193	8	500	0	24	-2859	0	50	0	NA
194	8	500	0	-24	-2859	1	50	0	800
195	12	1100	742	24	-6	0	65	65	NA
196	8	500	0	24	-2859	1	50	0	600
197	8	500	0	-6	-2859	0	50	0	NA
198	12	500	742	24	-6	1	65	65	700
199	12	742	609	24	-6	1	65	65	600
200	12	609	742	24	-6	0	65	65	NA
201	12	742	500	24	-6	0	65	65	NA
202	8	742	0	-24	-2859	0	50	0	700
203	12	742	1100	24	-6	0	65	65	NA
204	12	742	1100	-24	6	0	65	65	NA
205	8	500	0	-6	-2859	0	50	0	NA
206	12	742	903	24	-6	0	65	65	NA
207	12	742	609	24	-6	0	65	65	NA
208	8	1632	0	-6	-2859	1	50	0	700
209	12	1100	742	-24	6	1	65	65	800
210	8	1632	0	6	-2859	1	50	0	600
211	12	609	742	-24	6	1	65	65	700
212	8	500	0	-24	-2859	0	50	0	NA
213	8	742	0	24	-2859	1	50	0	600
214	8	742	0	-6	-2859	0	50	0	800
215	8	1632	0	-6	-2859	1	50	0	700
216	8	1632	0	-24	-2859	1	50	0	600
217	12	742	500	-24	6	1	65	65	600
218	12	742	1100	24	-6	0	65	65	NA
219	8	1632	0	-24	-2859	1	50	0	700
220	12	1100	742	-24	6	0	65	65	NA
221	8	1632	0	24	-2859	0	50	0	NA
222	12	742	903	24	-6	0	65	65	NA
223	12	742	903	-24	6	0	65	65	NA
224	8	742	0	-6	-2859	0	50	0	NA
225	12	742	500	-24	6	0	65	65	NA
226	12	742	609	-24	6	0	65	65	NA
227	12	742	609	-24	6	0	65	65	NA
228	12	1100	742	24	-6	0	65	65	NA
229	8	1632	0	24	-2859	0	50	0	NA
230	12	742	903	24	-6	0	65	65	NA
231	12	742	1100	-24	6	0	65	65	NA
232	8	500	0	6	-2859	0	50	0	NA
233	12	742	903	24	-6	0	65	65	NA
234	8	742	0	-24	-2859	0	50	0	NA
235	8	742	0	6	-2859	0	50	0	NA
236	8	500	0	24	-2859	0	50	0	NA
237	12	903	742	-24	6	0	65	65	NA
238	8	500	0	-24	-2859	0	50	0	NA
239	8	500	0	6	-2859	0	50	0	NA
240	12	609	742	-24	6	0	65	65	NA
241	12	742	500	-24	6	0	65	65	NA
242	8	500	0	24	-2859	0	50	0	NA
243	12	609	742	-24	6	0	65	65	NA
244	12	742	609	-24	6	0	65	65	NA
245	8	742	0	6	-2859	0	50	0	NA
246	12	742	609	24	-6	0	65	65	NA
247	8	742	0	24	-2859	0	50	0	NA
248	12	500	742	-24	6	0	65	65	NA
249	12	742	500	24	-6	0	65	65	NA
250	12	903	742	-24	6	0	65	65	NA
251	12	609	742	24	-6	0	65	65	NA
252	8	742	0	-24	-2859	0	50	0	NA
253	8	1632	0	-6	-2859	0	50	0	NA
254	12	609	742	-24	6	0	65	65	NA
255	12	742	903	24	-6	0	65	65	NA
256	8	1632	0	24	-2859	0	50	0	NA
257	12	1100	742	-24	6	0	65	65	NA
258	8	500	0	24	-2859	0	50	0	NA
259	8	500	0	-6	-2859	0	50	0	NA
260	8	1632	0	-24	-2859	0	50	0	NA
261	12	903	742	-24	6	0	65	65	NA
262	12	742	1100	-24	6	0	65	65	NA
263	12	742	500	24	-6	0	65	65	NA
264	8	742	0	-24	-2859	0	50	0	NA
265	12	500	742	24	-6	0	65	65	NA
266	12	742	1100	-24	6	0	65	65	NA
267	12	742	609	24	-6	0	65	65	NA
268	8	742	0	-6	-2859	0	50	0	NA
269	8	500	0	6	-2859	0	50	0	NA
270	8	1632	0	-24	-2859	0	50	0	NA
271	12	500	742	24	-6	0	65	65	NA
272	12	903	742	-24	6	0	65	65	NA
273	8	1632	0	6	-2859	0	50	0	NA
274	8	500	0	24	-2859	0	50	0	NA
275	12	1100	742	24	-6	0	65	65	NA
276	12	742	500	24	-6	0	65	65	NA
277	12	742	903	24	-6	0	65	65	NA
278	12	742	500	24	-6	0	65	65	NA
279	8	742	0	6	-2859	0	50	0	NA
280	8	742	0	-6	-2859	0	50	0	NA
281	12	500	742	24	-6	0	65	65	NA
282	8	1632	0	24	-2859	1	50	0	700
283	8	500	0	24	-2859	0	50	0	NA
284	8	742	0	-6	-2859	0	50	0	NA
285	8	742	0	-24	-2859	0	50	0	NA
286	12	609	742	24	-6	0	65	65	NA
287	8	500	0	24	-2859	0	50	0	NA
288	8	742	0	6	-2859	0	50	0	NA
289	12	609	742	-24	6	0	65	65	NA
290	8	1632	0	24	-2859	0	50	0	NA
291	8	742	0	24	-2859	0	50	0	NA
292	8	500	0	24	-2859	0	50	0	NA
293	8	500	0	-6	-2859	0	50	0	NA
294	12	742	1100	-24	6	0	65	65	NA
295	12	742	500	-24	6	0	65	65	NA
296	8	1632	0	-6	-2859	0	50	0	NA
297	8	1632	0	-6	-2859	0	50	0	NA
298	8	742	0	-24	-2859	0	50	0	NA
299	12	1100	742	-24	6	0	65	65	NA
300	12	742	1100	24	-6	0	65	65	NA
301	8	742	0	6	-2859	0	50	0	NA
302	12	1100	742	-24	6	0	65	65	NA
303	12	903	742	-24	6	0	65	65	NA
304	8	500	0	6	-2859	0	50	0	NA
305	8	1632	0	24	-2859	0	50	0	NA
306	12	742	1100	24	-6	0	65	65	NA
307	12	742	1100	24	-6	0	65	65	NA
308	12	742	500	24	-6	0	65	65	NA
309	12	742	1100	24	-6	0	65	65	NA
310	12	500	742	-24	6	0	65	65	NA
311	12	742	1100	24	-6	0	65	65	NA
312	12	903	742	24	-6	0	65	65	NA
313	12	742	903	24	-6	0	65	65	NA
314	8	1632	0	6	-2859	0	50	0	NA
315	8	500	0	24	-2859	0	50	0	NA
316	12	742	903	24	-6	0	65	65	NA
317	8	742	0	6	-2859	0	50	0	NA
318	8	742	0	-24	-2859	0	50	0	NA
319	12	742	903	-24	6	0	65	65	NA
320	8	1632	0	24	-2859	1	50	0	700
321	8	500	0	6	-2859	0	50	0	NA
322	12	742	609	-24	6	0	65	65	NA
323	12	1100	742	24	-6	0	65	65	NA
324	12	903	742	24	-6	0	65	65	NA
325	12	742	500	24	-6	0	65	65	NA
326	8	742	0	-24	-2859	0	50	0	NA
327	8	742	0	24	-2859	0	50	0	NA
328	8	500	0	-24	-2859	0	50	0	NA
329	12	1100	742	-24	6	0	65	65	NA
330	12	742	903	-24	6	0	65	65	NA
331	8	742	0	-6	-2859	0	50	0	NA
332	8	1632	0	6	-2859	0	50	0	NA
333	8	1632	0	6	-2859	0	50	0	NA
334	12	609	742	24	-6	0	65	65	NA
335	12	742	609	-24	6	0	65	65	NA
336	12	742	500	24	-6	0	65	65	NA
337	12	1100	742	-24	6	0	65	65	NA
338	12	500	742	-24	6	0	65	65	NA
339	8	742	0	6	-2859	0	50	0	NA
340	12	500	742	24	-6	0	65	65	NA
341	12	1100	742	-24	6	0	65	65	NA
342	12	742	500	-24	6	0	65	65	NA
343	12	742	609	-24	6	0	65	65	NA
344	12	742	500	-24	6	0	65	65	NA
345	12	500	742	24	-6	0	65	65	NA
346	12	1100	742	-24	6	0	65	65	NA
347	12	609	742	24	-6	0	65	65	NA
348	8	500	0	6	-2859	0	50	0	NA
349	12	609	742	24	-6	0	65	65	NA
350	8	500	0	6	-2859	0	50	0	NA
351	8	1632	0	24	-2859	0	50	0	NA
352	12	742	903	24	-6	0	65	65	NA
353	8	742	0	-24	-2859	0	50	0	NA
354	12	1100	742	24	-6	0	65	65	NA
355	8	742	0	-24	-2859	0	50	0	NA
356	12	742	500	24	-6	0	65	65	NA
357	8	500	0	-6	-2859	0	50	0	NA
358	12	609	742	24	-6	0	65	65	NA
359	8	500	0	-6	-2859	0	50	0	NA
360	12	742	1100	24	-6	0	65	65	NA
361	12	1100	742	-24	6	0	65	65	NA
362	12	742	903	-24	6	0	65	65	NA
363	12	1100	742	24	-6	0	65	65	NA
364	12	1100	742	24	-6	0	65	65	NA
365	8	742	0	-6	-2859	0	50	0	NA
366	12	742	903	24	-6	0	65	65	NA
367	12	1100	742	24	-6	0	65	65	NA
368	12	609	742	-24	6	0	65	65	NA
369	12	742	1100	24	-6	0	65	65	NA
370	8	1632	0	6	-2859	0	50	0	700
371	12	903	742	-24	6	1	65	65	800
372	12	742	609	-24	6	0	65	65	NA
373	12	742	903	24	-6	0	65	65	NA
374	8	500	0	-6	-2859	0	50	0	NA
375	8	742	0	24	-2859	0	50	0	NA
376	8	1632	0	6	-2859	0	50	0	NA
377	8	1632	0	6	-2859	0	50	0	NA
378	8	500	0	-24	-2859	0	50	0	NA
379	12	903	742	-24	6	0	65	65	NA
380	12	903	742	-24	6	0	65	65	NA
381	12	609	742	24	-6	0	65	65	800
382	12	742	903	-24	6	0	65	65	NA
383	12	609	742	-24	6	0	65	65	NA
384	12	742	1100	-24	6	0	65	65	NA
385	12	742	500	-24	6	0	65	65	NA
386	12	742	1100	24	-6	0	65	65	NA
387	8	500	0	24	-2859	0	50	0	NA
388	12	742	500	-24	6	0	65	65	NA
389	12	742	500	-24	6	0	65	65	NA
390	8	1632	0	24	-2859	0	50	0	NA
391	8	1632	0	24	-2859	0	50	0	NA
392	12	500	742	24	-6	0	65	65	600
393	12	500	742	24	-6	0	65	65	NA
394	8	742	0	-24	-2859	0	50	0	NA
395	8	500	0	-6	-2859	1	50	0	600
396	8	500	0	-6	-2859	1	50	0	700
397	8	742	0	6	-2859	0	50	0	700
398	8	1632	0	24	-2859	1	50	0	600
399	8	742	0	-6	-2859	1	50	0	800
400	8	1632	0	24	-2859	0	50	0	NA
401	8	1632	0	24	-2859	1	50	0	700
402	12	609	742	24	-6	1	65	65	700
403	12	742	500	-24	6	0	65	65	NA
404	8	742	0	-6	-2859	0	50	0	NA
405	12	742	609	-24	6	0	65	65	NA
406	12	903	742	24	-6	0	65	65	NA
407	12	742	903	24	-6	1	65	65	700
408	8	1632	0	-24	-2859	0	50	0	NA
409	12	609	742	24	-6	0	65	65	NA
410	12	742	609	-24	6	0	65	65	NA
411	12	609	742	24	-6	0	65	65	NA
412	12	742	1100	-24	6	0	65	65	NA
413	12	903	742	-24	6	0	65	65	800
414	12	742	1100	24	-6	1	65	65	700
415	12	742	500	-24	6	1	65	65	600
416	12	742	903	24	-6	1	65	65	700
417	8	742	0	24	-2859	0	50	0	NA
418	8	500	0	24	-2859	0	50	0	NA
419	8	742	0	24	-2859	0	50	0	600
420	12	903	742	24	-6	0	65	65	NA
421	8	1632	0	6	-2859	1	50	0	800
422	8	500	0	-6	-2859	1	50	0	600
423	8	500	0	6	-2859	0	50	0	700
424	12	500	742	24	-6	0	65	65	NA
425	12	1100	742	24	-6	0	65	65	NA
426	12	1100	742	24	-6	0	65	65	NA
427	12	609	742	-24	6	0	65	65	NA
428	8	742	0	24	-2859	0	50	0	NA
429	12	742	903	24	-6	0	65	65	NA
430	12	1100	742	-24	6	0	65	65	NA
431	8	742	0	24	-2859	0	50	0	NA
432	8	742	0	6	-2859	0	50	0	NA
433	12	903	742	24	-6	0	65	65	800
434	12	742	903	-24	6	0	65	65	NA
435	8	742	0	-6	-2859	0	50	0	NA
436	8	1632	0	-24	-2859	0	50	0	700
437	12	742	1100	24	-6	0	65	65	NA
438	12	903	742	-24	6	0	65	65	NA
439	8	1632	0	-24	-2859	1	50	0	600
440	8	1632	0	-6	-2859	0	50	0	NA
441	8	500	0	-6	-2859	0	50	0	NA
442	12	903	742	24	-6	0	65	65	NA
443	12	500	742	24	-6	0	65	65	NA
444	8	500	0	24	-2859	0	50	0	NA
445	8	500	0	6	-2859	0	50	0	NA
446	8	742	0	-6	-2859	0	50	0	NA
447	12	742	500	-24	6	0	65	65	NA
448	12	903	742	-24	6	0	65	65	NA
449	8	742	0	24	-2859	0	50	0	NA
450	12	742	609	24	-6	0	65	65	NA
451	12	903	742	-24	6	0	65	65	NA
452	8	742	0	6	-2859	0	50	0	NA
453	8	1632	0	-6	-2859	0	50	0	NA
454	8	500	0	-24	-2859	0	50	0	NA
455	8	500	0	6	-2859	0	50	0	NA
456	8	500	0	24	-2859	0	50	0	700
457	8	742	0	-24	-2859	0	50	0	NA
458	12	742	903	24	-6	0	65	65	NA
459	8	1632	0	24	-2859	0	50	0	NA
460	12	742	1100	24	-6	0	65	65	NA
461	12	742	609	24	-6	0	65	65	NA
462	12	609	742	-24	6	0	65	65	NA
463	12	742	903	-24	6	0	65	65	NA
464	8	1632	0	24	-2859	0	50	0	NA
465	12	742	500	24	-6	0	65	65	NA
466	12	609	742	-24	6	0	65	65	NA
467	12	742	903	24	-6	0	65	65	NA
468	12	742	903	-24	6	0	65	65	NA
469	8	742	0	-24	-2859	0	50	0	NA
470	12	742	1100	24	-6	0	65	65	800
471	12	742	903	-24	6	0	65	65	NA
472	12	609	742	24	-6	0	65	65	NA
473	8	742	0	-24	-2859	0	50	0	NA
474	12	903	742	24	-6	0	65	65	NA
475	8	500	0	6	-2859	0	50	0	NA
476	12	1100	742	-24	6	0	65	65	NA
477	8	500	0	24	-2859	0	50	0	NA
478	8	500	0	-24	-2859	0	50	0	NA
479	12	742	609	-24	6	0	65	65	NA
480	12	742	609	-24	6	0	65	65	NA
481	8	742	0	6	-2859	0	50	0	700
482	12	500	742	-24	6	0	65	65	NA
483	8	1632	0	6	-2859	0	50	0	NA
484	12	742	903	24	-6	0	65	65	NA
485	12	903	742	24	-6	0	65	65	NA
486	8	742	0	24	-2859	0	50	0	NA
487	8	1632	0	-24	-2859	0	50	0	NA
488	8	1632	0	-24	-2859	0	50	0	NA
489	8	742	0	-6	-2859	0	50	0	NA
490	8	742	0	24	-2859	0	50	0	NA
491	8	500	0	-24	-2859	0	50	0	NA
492	12	742	609	24	-6	0	65	65	NA
493	8	742	0	-6	-2859	0	50	0	NA
494	12	903	742	24	-6	0	65	65	NA
495	12	742	1100	-24	6	0	65	65	NA
496	8	1632	0	-24	-2859	0	50	0	NA
497	8	500	0	-24	-2859	0	50	0	NA
498	8	1632	0	-24	-2859	0	50	0	NA
499	8	500	0	6	-2859	0	50	0	NA
500	8	742	0	6	-2859	0	50	0	NA
501	12	609	742	24	-6	0	65	65	NA
502	8	1632	0	24	-2859	1	50	0	600
503	12	609	742	24	-6	0	65	65	NA
504	12	500	742	-24	6	0	65	65	NA
505	12	742	609	24	-6	1	65	65	700
506	12	742	903	24	-6	1	65	65	700
507	12	742	1100	-24	6	0	65	65	NA
508	8	500	0	6	-2859	0	50	0	NA
509	12	500	742	-24	6	1	65	65	700
510	8	500	0	-6	-2859	1	50	0	800
511	12	500	742	24	-6	1	65	65	600
512	12	742	500	-24	6	0	65	65	NA
513	12	742	903	24	-6	1	65	65	600
514	8	500	0	24	-2859	0	50	0	NA
515	12	1100	742	24	-6	0	65	65	NA
516	8	742	0	-24	-2859	0	50	0	700
517	8	500	0	-24	-2859	0	50	0	NA
518	12	609	742	24	-6	0	65	65	NA
519	12	903	742	-24	6	0	65	65	NA
520	8	1632	0	-24	-2859	1	50	0	600
521	8	742	0	6	-2859	0	50	0	NA
522	8	742	0	6	-2859	0	50	0	NA
523	8	1632	0	24	-2859	1	50	0	700
524	8	1632	0	-6	-2859	1	50	0	800
525	12	500	742	24	-6	0	65	65	NA
526	8	1632	0	6	-2859	0	50	0	NA
527	8	1632	0	-6	-2859	0	50	0	NA
528	8	500	0	-6	-2859	1	50	0	600
529	8	1632	0	6	-2859	0	50	0	700
530	12	742	609	-24	6	0	65	65	NA
531	8	1632	0	6	-2859	0	50	0	600
532	12	742	609	-24	6	0	65	65	NA
533	8	742	0	24	-2859	0	50	0	NA
534	8	500	0	-6	-2859	0	50	0	NA
535	8	742	0	-6	-2859	0	50	0	NA
536	8	500	0	-6	-2859	0	50	0	NA
537	8	742	0	24	-2859	0	50	0	NA
538	12	1100	742	24	-6	0	65	65	NA
539	12	742	903	-24	6	0	65	65	NA
540	12	742	500	24	-6	0	65	65	NA
541	12	742	903	24	-6	0	65	65	NA
542	8	1632	0	-24	-2859	0	50	0	NA
543	12	609	742	24	-6	0	65	65	NA
544	12	1100	742	-24	6	0	65	65	NA
545	8	1632	0	24	-2859	0	50	0	NA
546	12	903	742	-24	6	0	65	65	NA
547	12	500	742	-24	6	0	65	65	NA
548	8	1632	0	-6	-2859	0	50	0	NA
549	12	1100	742	24	-6	0	65	65	NA
550	12	903	742	24	-6	0	65	65	NA
551	8	500	0	-6	-2859	0	50	0	NA
552	12	1100	742	-24	6	0	65	65	600
553	12	903	742	-24	6	0	65	65	NA
554	12	1100	742	-24	6	0	65	65	NA
555	12	500	742	24	-6	0	65	65	800
556	8	1632	0	-6	-2859	0	50	0	NA
557	8	742	0	-24	-2859	0	50	0	NA
558	12	742	609	-24	6	0	65	65	NA
559	12	1100	742	-24	6	0	65	65	800
560	12	742	903	24	-6	0	65	65	NA
561	12	742	609	-24	6	0	65	65	NA
562	8	742	0	-24	-2859	0	50	0	NA
563	12	1100	742	-24	6	0	65	65	700
564	8	500	0	24	-2859	1	50	0	600
565	12	742	500	24	-6	1	65	65	800
566	8	742	0	-24	-2859	1	50	0	700
567	12	609	742	24	-6	0	65	65	NA
568	8	500	0	-6	-2859	0	50	0	700
569	8	500	0	6	-2859	0	50	0	NA
570	12	609	742	24	-6	0	65	65	NA
571	12	742	609	24	-6	0	65	65	600
572	8	500	0	6	-2859	0	50	0	NA
573	12	742	1100	24	-6	0	65	65	NA
574	8	500	0	24	-2859	0	50	0	NA
575	12	500	742	-24	6	0	65	65	NA
576	12	742	500	-24	6	0	65	65	NA
577	12	609	742	-24	6	0	65	65	NA
578	12	742	1100	24	-6	0	65	65	NA
579	12	500	742	-24	6	0	65	65	NA
580	8	500	0	-6	-2859	0	50	0	NA
581	8	1632	0	-24	-2859	0	50	0	NA
582	8	742	0	6	-2859	0	50	0	NA
583	12	500	742	24	-6	0	65	65	NA
584	12	742	1100	-24	6	0	65	65	NA
585	12	1100	742	24	-6	0	65	65	NA
586	12	609	742	-24	6	0	65	65	NA
587	8	742	0	-24	-2859	0	50	0	NA
588	12	742	1100	24	-6	0	65	65	NA
589	12	609	742	-24	6	0	65	65	NA
590	12	1100	742	-24	6	0	65	65	NA
591	12	742	903	-24	6	0	65	65	700
592	8	742	0	24	-2859	0	50	0	800
593	12	609	742	-24	6	0	65	65	700
594	12	609	742	-24	6	0	65	65	NA
595	12	903	742	24	-6	0	65	65	NA
596	8	1632	0	-24	-2859	1	50	0	600
597	8	1632	0	24	-2859	0	50	0	NA
598	8	1632	0	-6	-2859	0	50	0	NA
599	12	500	742	-24	6	0	65	65	NA
600	8	1632	0	24	-2859	0	50	0	NA
601	8	1632	0	-24	-2859	0	50	0	NA
602	8	1632	0	-24	-2859	1	50	0	600
603	8	500	0	24	-2859	1	50	0	700
604	8	500	0	-6	-2859	0	50	0	NA
605	8	742	0	-24	-2859	0	50	0	NA
606	8	742	0	24	-2859	0	50	0	600
607	12	609	742	-24	6	0	65	65	NA
608	8	500	0	6	-2859	0	50	0	600
609	12	742	609	24	-6	0	65	65	NA
610	12	742	500	24	-6	0	65	65	NA
611	8	742	0	-24	-2859	0	50	0	NA
612	12	742	609	24	-6	0	65	65	800
613	12	500	742	24	-6	0	65	65	NA
614	12	1100	742	24	-6	1	65	65	700
615	12	742	500	-24	6	0	65	65	NA
616	8	742	0	-6	-2859	0	50	0	NA
617	12	500	742	24	-6	0	65	65	NA
618	12	742	500	-24	6	0	65	65	NA
619	12	903	742	24	-6	0	65	65	NA
620	8	742	0	6	-2859	0	50	0	NA
621	12	742	500	-24	6	0	65	65	NA
622	8	500	0	-6	-2859	0	50	0	800
623	12	742	1100	-24	6	0	65	65	NA
624	12	609	742	24	-6	1	65	65	600
625	12	500	742	-24	6	0	65	65	NA
626	8	742	0	-24	-2859	0	50	0	NA
627	12	903	742	24	-6	0	65	65	NA
628	12	500	742	-24	6	0	65	65	NA
629	12	609	742	-24	6	0	65	65	700
630	8	1632	0	6	-2859	0	50	0	800
631	8	500	0	24	-2859	0	50	0	NA
632	12	742	500	-24	6	0	65	65	NA
633	12	1100	742	24	-6	0	65	65	NA
634	12	742	903	24	-6	0	65	65	600
635	8	1632	0	-24	-2859	0	50	0	NA
636	12	742	903	24	-6	0	65	65	700
637	12	742	609	24	-6	0	65	65	NA
638	12	903	742	-24	6	0	65	65	NA
639	12	742	500	24	-6	0	65	65	NA
640	12	742	609	-24	6	0	65	65	NA
641	8	500	0	-6	-2859	0	50	0	NA
642	12	742	1100	-24	6	0	65	65	NA
643	12	742	1100	24	-6	0	65	65	NA
644	8	742	0	6	-2859	0	50	0	NA
645	12	1100	742	-24	6	0	65	65	NA
646	8	1632	0	-6	-2859	0	50	0	NA
647	12	903	742	-24	6	0	65	65	600
648	12	903	742	24	-6	0	65	65	NA
649	8	500	0	24	-2859	0	50	0	NA
650	12	1100	742	24	-6	0	65	65	NA
651	12	903	742	24	-6	0	65	65	NA
652	12	742	1100	-24	6	0	65	65	800
653	12	742	903	24	-6	0	65	65	NA
654	12	742	609	24	-6	0	65	65	NA
655	12	500	742	-24	6	0	65	65	NA
656	12	742	500	24	-6	1	65	65	800
657	12	1100	742	24	-6	0	65	65	NA
658	8	500	0	24	-2859	1	50	0	700
659	12	742	903	-24	6	0	65	65	600
660	12	500	742	-24	6	0	65	65	NA
661	8	1632	0	24	-2859	0	50	0	NA
662	8	742	0	6	-2859	0	50	0	NA
663	8	742	0	24	-2859	0	50	0	NA
664	12	500	742	24	-6	0	65	65	NA
665	8	742	0	-24	-2859	0	50	0	NA
666	8	500	0	-24	-2859	0	50	0	NA
667	8	500	0	6	-2859	0	50	0	NA
668	8	1632	0	24	-2859	0	50	0	NA
669	12	500	742	24	-6	0	65	65	NA
670	12	742	609	-24	6	0	65	65	700
671	8	1632	0	24	-2859	0	50	0	NA
672	12	742	500	24	-6	0	65	65	NA
673	12	742	500	-24	6	0	65	65	NA
674	8	1632	0	24	-2859	0	50	0	NA
675	8	1632	0	6	-2859	0	50	0	NA
676	8	1632	0	6	-2859	0	50	0	NA
677	12	1100	742	24	-6	0	65	65	NA
678	8	742	0	6	-2859	0	50	0	NA
679	12	742	609	24	-6	0	65	65	700
680	12	742	500	-24	6	0	65	65	NA
681	8	742	0	-6	-2859	0	50	0	NA
682	12	903	742	24	-6	0	65	65	NA
683	12	742	609	24	-6	1	65	65	600
684	8	742	0	-6	-2859	1	50	0	700
685	12	500	742	-24	6	0	65	65	NA
686	8	500	0	6	-2859	0	50	0	NA
687	8	1632	0	6	-2859	0	50	0	NA
688	8	500	0	-6	-2859	0	50	0	NA
689	8	500	0	-6	-2859	1	50	0	600
690	12	903	742	-24	6	0	65	65	600
691	8	1632	0	-6	-2859	0	50	0	NA
692	12	500	742	24	-6	1	65	65	700
693	12	903	742	-24	6	0	65	65	700
694	12	742	1100	-24	6	0	65	65	800
695	12	742	609	-24	6	0	65	65	NA
696	12	903	742	24	-6	0	65	65	NA
697	12	742	1100	24	-6	0	65	65	NA
698	12	609	742	-24	6	0	65	65	NA
699	8	1632	0	6	-2859	0	50	0	NA
700	8	1632	0	-6	-2859	0	50	0	NA
701	12	742	609	-24	6	0	65	65	600
702	8	1632	0	-24	-2859	0	50	0	NA
703	8	500	0	-24	-2859	0	50	0	NA
704	12	742	500	24	-6	0	65	65	NA
705	12	742	609	-24	6	0	65	65	NA
706	8	742	0	-24	-2859	0	50	0	NA
707	12	609	742	24	-6	0	65	65	NA
708	12	742	903	-24	6	0	65	65	NA
709	12	609	742	24	-6	0	65	65	NA
710	12	903	742	-24	6	0	65	65	NA
711	12	742	1100	-24	6	0	65	65	NA
712	12	742	903	-24	6	0	65	65	NA
713	12	742	609	24	-6	0	65	65	NA
714	12	742	609	-24	6	0	65	65	NA
715	8	742	0	-24	-2859	0	50	0	NA
716	8	500	0	24	-2859	0	50	0	NA
717	12	742	903	-24	6	0	65	65	NA
718	8	500	0	-6	-2859	0	50	0	NA
719	12	1100	742	-24	6	0	65	65	NA
720	8	1632	0	-24	-2859	0	50	0	NA
721	8	1632	0	24	-2859	0	50	0	NA
722	8	1632	0	24	-2859	0	50	0	NA
723	12	742	500	-24	6	0	65	65	NA
724	12	742	903	24	-6	0	65	65	NA
725	12	903	742	24	-6	0	65	65	NA
726	8	1632	0	-24	-2859	0	50	0	NA
727	12	742	903	-24	6	0	65	65	NA
728	8	742	0	24	-2859	0	50	0	NA
729	12	609	742	-24	6	0	65	65	NA
730	8	500	0	6	-2859	0	50	0	NA
731	8	500	0	-6	-2859	1	50	0	600
732	12	1100	742	-24	6	0	65	65	NA
733	12	742	609	24	-6	0	65	65	NA
734	12	1100	742	24	-6	0	65	65	NA
735	8	742	0	6	-2859	0	50	0	NA
736	8	742	0	-24	-2859	0	50	0	NA
737	12	742	609	24	-6	0	65	65	NA
738	12	742	609	24	-6	0	65	65	600
739	8	500	0	-24	-2859	0	50	0	NA
740	12	903	742	24	-6	0	65	65	NA
741	8	500	0	-6	-2859	0	50	0	NA
742	12	742	903	-24	6	0	65	65	NA
743	12	742	903	-24	6	0	65	65	800
744	8	500	0	-24	-2859	0	50	0	600
745	12	742	500	24	-6	0	65	65	700
746	12	742	609	24	-6	0	65	65	700
747	8	500	0	6	-2859	0	50	0	600
748	12	742	500	-24	6	0	65	65	NA
749	12	903	742	24	-6	0	65	65	NA
750	12	609	742	-24	6	0	65	65	NA
751	12	742	500	24	-6	0	65	65	600
752	12	742	1100	-24	6	1	65	65	600
753	8	742	0	-24	-2859	0	50	0	NA
754	8	742	0	6	-2859	0	50	0	700
755	8	742	0	-6	-2859	0	50	0	NA
756	8	1632	0	6	-2859	0	50	0	NA
757	8	1632	0	24	-2859	1	50	0	700
758	12	1100	742	24	-6	0	65	65	NA
759	8	1632	0	-24	-2859	0	50	0	NA
760	12	742	500	-24	6	1	65	65	800
761	12	609	742	24	-6	0	65	65	NA
762	8	1632	0	-6	-2859	0	50	0	600
763	12	742	500	24	-6	0	65	65	NA
764	8	1632	0	24	-2859	0	50	0	NA
765	12	609	742	24	-6	0	65	65	NA
766	12	742	1100	-24	6	0	65	65	NA
767	12	1100	742	24	-6	0	65	65	NA
768	12	742	609	-24	6	0	65	65	NA
769	8	1632	0	6	-2859	0	50	0	700
770	12	742	609	-24	6	0	65	65	NA
771	12	742	500	-24	6	1	65	65	600
772	12	742	609	-24	6	0	65	65	NA
773	12	903	742	-24	6	0	65	65	NA
774	8	742	0	-24	-2859	0	50	0	800
775	12	742	903	-24	6	0	65	65	NA
776	12	1100	742	-24	6	0	65	65	NA
777	8	1632	0	6	-2859	0	50	0	NA
778	8	500	0	6	-2859	0	50	0	700
779	12	742	609	-24	6	0	65	65	NA
780	12	1100	742	24	-6	0	65	65	NA
781	8	500	0	-6	-2859	0	50	0	NA
782	12	742	1100	-24	6	0	65	65	NA
783	12	903	742	24	-6	0	65	65	NA
784	8	742	0	-24	-2859	0	50	0	NA
785	12	1100	742	-24	6	0	65	65	NA
786	12	609	742	-24	6	0	65	65	NA
787	12	742	500	24	-6	0	65	65	700
788	8	742	0	-24	-2859	0	50	0	NA
789	8	500	0	24	-2859	0	50	0	NA
790	8	1632	0	-6	-2859	0	50	0	NA
791	8	1632	0	-24	-2859	0	50	0	NA
792	12	903	742	24	-6	0	65	65	NA
793	8	500	0	-24	-2859	0	50	0	NA
794	8	1632	0	24	-2859	0	50	0	NA
795	12	742	500	-24	6	0	65	65	NA
796	12	1100	742	24	-6	0	65	65	NA
797	12	742	1100	-24	6	0	65	65	NA
798	8	1632	0	-24	-2859	0	50	0	NA
799	12	742	1100	24	-6	0	65	65	NA
800	8	742	0	-6	-2859	1	50	0	600
801	8	500	0	-6	-2859	0	50	0	NA
802	12	742	500	-24	6	0	65	65	NA
803	8	742	0	-24	-2859	0	50	0	NA
804	8	500	0	-24	-2859	0	50	0	NA
805	8	742	0	6	-2859	0	50	0	NA
806	8	500	0	-24	-2859	0	50	0	NA
807	8	500	0	-24	-2859	0	50	0	NA
808	8	500	0	-6	-2859	0	50	0	NA
809	12	742	903	-24	6	0	65	65	800
810	8	1632	0	24	-2859	0	50	0	NA
811	8	1632	0	24	-2859	0	50	0	NA
812	12	500	742	24	-6	1	65	65	800
813	8	500	0	-6	-2859	0	50	0	NA
814	12	500	742	24	-6	0	65	65	700
815	8	1632	0	24	-2859	1	50	0	700
816	12	742	1100	24	-6	0	65	65	600
817	8	742	0	-6	-2859	0	50	0	NA
818	12	500	742	-24	6	0	65	65	NA
819	8	742	0	6	-2859	0	50	0	NA
820	12	1100	742	24	-6	0	65	65	NA
821	8	742	0	24	-2859	0	50	0	NA
822	12	903	742	-24	6	0	65	65	NA
823	8	1632	0	-6	-2859	0	50	0	NA
824	12	609	742	-24	6	0	65	65	NA
825	12	903	742	24	-6	0	65	65	NA
826	12	500	742	24	-6	0	65	65	NA
827	8	1632	0	-6	-2859	0	50	0	600
828	12	742	609	-24	6	0	65	65	NA
829	12	903	742	24	-6	0	65	65	NA
830	12	1100	742	-24	6	0	65	65	NA
831	12	500	742	-24	6	0	65	65	NA
832	12	742	609	-24	6	0	65	65	NA
833	8	1632	0	-6	-2859	0	50	0	NA
834	12	1100	742	24	-6	0	65	65	NA
835	8	742	0	24	-2859	0	50	0	NA
836	8	742	0	-6	-2859	0	50	0	NA
837	12	742	1100	-24	6	0	65	65	NA
838	12	742	903	-24	6	0	65	65	NA
839	12	742	1100	-24	6	0	65	65	NA
840	12	742	1100	-24	6	0	65	65	NA
841	8	500	0	24	-2859	0	50	0	NA
842	8	742	0	-24	-2859	0	50	0	NA
843	12	742	903	-24	6	0	65	65	NA
844	12	609	742	24	-6	0	65	65	NA
845	8	1632	0	-6	-2859	1	50	0	800
846	8	500	0	6	-2859	0	50	0	NA
847	8	500	0	-24	-2859	0	50	0	NA
848	12	1100	742	24	-6	0	65	65	NA
849	8	742	0	-24	-2859	0	50	0	NA
850	12	500	742	-24	6	1	65	65	600
851	12	609	742	24	-6	0	65	65	800
852	8	742	0	-24	-2859	1	50	0	600
853	12	500	742	24	-6	0	65	65	NA
854	12	609	742	24	-6	1	65	65	700
855	12	742	500	-24	6	0	65	65	NA
856	12	609	742	24	-6	1	65	65	600
857	8	1632	0	-6	-2859	1	50	0	600
858	8	500	0	6	-2859	0	50	0	NA
859	12	609	742	24	-6	0	65	65	700
860	8	1632	0	6	-2859	0	50	0	600
861	8	500	0	6	-2859	0	50	0	600
862	12	500	742	-24	6	0	65	65	NA
863	8	742	0	6	-2859	0	50	0	800
864	12	1100	742	24	-6	0	65	65	NA
865	8	500	0	24	-2859	0	50	0	NA
866	8	742	0	-24	-2859	0	50	0	NA
867	8	1632	0	-24	-2859	0	50	0	NA
868	12	903	742	-24	6	0	65	65	NA
869	12	742	609	-24	6	0	65	65	NA
870	8	500	0	-6	-2859	0	50	0	NA
871	12	903	742	-24	6	1	65	65	600
872	12	742	903	-24	6	0	65	65	NA
873	12	742	903	24	-6	0	65	65	NA
874	8	500	0	-6	-2859	0	50	0	NA
875	12	1100	742	24	-6	0	65	65	700
876	12	742	1100	24	-6	0	65	65	NA
877	8	500	0	24	-2859	0	50	0	NA
878	12	742	609	24	-6	0	65	65	NA
879	12	742	1100	-24	6	0	65	65	NA
880	8	1632	0	24	-2859	0	50	0	NA
881	8	500	0	-24	-2859	0	50	0	NA
882	8	1632	0	-24	-2859	0	50	0	NA
883	12	742	903	-24	6	0	65	65	NA
884	12	742	1100	24	-6	0	65	65	600
885	12	742	1100	-24	6	0	65	65	NA
886	8	742	0	24	-2859	0	50	0	NA
887	8	1632	0	-6	-2859	0	50	0	NA
888	8	742	0	6	-2859	0	50	0	700
889	8	742	0	6	-2859	0	50	0	NA
890	12	742	609	-24	6	0	65	65	NA
891	8	742	0	-24	-2859	0	50	0	NA
892	8	742	0	-24	-2859	0	50	0	NA
893	12	742	903	-24	6	0	65	65	NA
894	12	742	609	-24	6	0	65	65	NA
895	12	1100	742	-24	6	0	65	65	NA
896	12	903	742	-24	6	0	65	65	NA
897	12	903	742	24	-6	0	65	65	NA
898	12	742	609	24	-6	0	65	65	NA
899	12	742	609	-24	6	0	65	65	NA
900	8	1632	0	-24	-2859	0	50	0	NA
901	8	500	0	-24	-2859	0	50	0	NA
902	8	1632	0	-24	-2859	0	50	0	NA
903	8	500	0	6	-2859	0	50	0	NA
904	8	500	0	24	-2859	0	50	0	NA
905	8	742	0	24	-2859	1	50	0	700
906	12	500	742	24	-6	0	65	65	NA
907	12	742	903	24	-6	0	65	65	800
908	12	500	742	24	-6	0	65	65	NA
909	8	742	0	24	-2859	1	50	0	800
910	8	1632	0	-24	-2859	0	50	0	NA
911	8	500	0	6	-2859	0	50	0	NA
912	12	903	742	-24	6	0	65	65	600
913	8	500	0	-6	-2859	0	50	0	NA
914	12	742	609	24	-6	0	65	65	NA
915	12	742	500	-24	6	0	65	65	NA
916	8	742	0	-24	-2859	1	50	0	600
917	8	500	0	-24	-2859	1	50	0	600
918	12	742	903	-24	6	0	65	65	700
919	8	742	0	-24	-2859	0	50	0	NA
920	12	1100	742	-24	6	0	65	65	600
921	8	1632	0	-24	-2859	0	50	0	NA
922	12	903	742	24	-6	1	65	65	700
923	8	500	0	6	-2859	0	50	0	NA
924	8	1632	0	-6	-2859	0	50	0	NA
925	12	1100	742	-24	6	0	65	65	NA
926	12	609	742	-24	6	0	65	65	NA
927	12	742	1100	24	-6	0	65	65	NA
928	12	742	609	24	-6	0	65	65	NA
929	8	1632	0	-24	-2859	0	50	0	NA
930	12	742	903	-24	6	1	65	65	600
931	8	742	0	-24	-2859	0	50	0	NA
932	12	500	742	24	-6	0	65	65	NA
933	12	500	742	-24	6	1	65	65	600
934	12	742	903	-24	6	1	65	65	700
935	12	500	742	24	-6	0	65	65	NA
936	12	742	500	-24	6	0	65	65	NA
937	8	1632	0	-24	-2859	0	50	0	600
938	8	1632	0	24	-2859	0	50	0	NA
939	12	742	903	24	-6	0	65	65	NA
940	8	500	0	24	-2859	0	50	0	NA
941	12	742	1100	-24	6	0	65	65	NA
942	8	742	0	24	-2859	0	50	0	NA
943	12	500	742	-24	6	0	65	65	NA
944	8	742	0	24	-2859	0	50	0	NA
945	8	742	0	-24	-2859	0	50	0	NA
946	8	1632	0	6	-2859	0	50	0	600
947	8	500	0	-24	-2859	0	50	0	NA
948	12	742	1100	-24	6	0	65	65	NA
949	8	500	0	-24	-2859	0	50	0	NA
950	12	742	903	24	-6	0	65	65	NA
951	8	1632	0	-24	-2859	0	50	0	NA
952	8	742	0	24	-2859	0	50	0	600
953	12	609	742	24	-6	0	65	65	700
954	8	742	0	-6	-2859	0	50	0	NA
955	12	500	742	24	-6	0	65	65	NA
956	12	1100	742	-24	6	0	65	65	NA
957	12	742	903	-24	6	0	65	65	NA
958	12	742	500	-24	6	0	65	65	NA
959	8	742	0	6	-2859	0	50	0	NA
960	12	500	742	24	-6	0	65	65	NA
961	12	609	742	24	-6	0	65	65	NA
962	8	1632	0	6	-2859	0	50	0	NA
963	12	742	609	-24	6	0	65	65	800
964	8	1632	0	-6	-2859	0	50	0	600
965	8	1632	0	-24	-2859	0	50	0	NA
966	8	500	0	-24	-2859	0	50	0	NA
967	12	609	742	-24	6	0	65	65	NA
968	12	903	742	24	-6	0	65	65	NA
969	8	742	0	6	-2859	0	50	0	NA
970	12	742	609	-24	6	0	65	65	NA
971	12	500	742	-24	6	0	65	65	NA
972	12	742	609	-24	6	0	65	65	NA
973	8	500	0	-6	-2859	0	50	0	600
974	8	500	0	6	-2859	0	50	0	NA
975	12	609	742	24	-6	0	65	65	NA
976	8	742	0	6	-2859	0	50	0	NA
977	12	1100	742	-24	6	0	65	65	NA
978	8	742	0	-6	-2859	0	50	0	NA
979	8	500	0	-24	-2859	0	50	0	NA
980	8	500	0	-24	-2859	0	50	0	NA
981	12	742	903	-24	6	0	65	65	NA
982	8	742	0	-6	-2859	0	50	0	NA
983	8	1632	0	6	-2859	0	50	0	NA
984	12	742	1100	-24	6	0	65	65	NA
985	8	500	0	-24	-2859	0	50	0	NA
986	8	742	0	24	-2859	0	50	0	NA
987	12	609	742	-24	6	0	65	65	NA
988	8	1632	0	6	-2859	0	50	0	NA
989	12	903	742	24	-6	0	65	65	NA
990	12	742	903	24	-6	0	65	65	NA
991	8	1632	0	-24	-2859	0	50	0	NA
992	12	742	1100	-24	6	0	65	65	NA
993	12	742	903	-24	6	0	65	65	NA
994	12	742	903	24	-6	0	65	65	NA
995	12	1100	742	-24	6	0	65	65	NA
996	8	742	0	-24	-2859	1	50	0	800
997	12	742	609	24	-6	0	65	65	NA
998	12	609	742	24	-6	0	65	65	NA
999	12	742	609	-24	6	0	65	65	NA
1000	8	742	0	-6	-2859	0	50	0	NA
1001	8	742	0	6	-2859	0	50	0	NA
1002	12	500	742	24	-6	0	65	65	NA
1003	8	742	0	-6	-2859	0	50	0	NA
1004	8	1632	0	24	-2859	0	50	0	NA
1005	12	742	500	-24	6	0	65	65	NA
1006	8	1632	0	24	-2859	0	50	0	NA
1007	8	1632	0	6	-2859	0	50	0	NA
1008	8	500	0	-24	-2859	0	50	0	NA
1009	12	742	500	-24	6	0	65	65	NA
1010	8	500	0	-24	-2859	0	50	0	NA
1011	8	500	0	6	-2859	0	50	0	800
1012	8	742	0	6	-2859	0	50	0	NA
1013	12	742	609	24	-6	0	65	65	NA
1014	8	742	0	6	-2859	0	50	0	NA
1015	8	500	0	24	-2859	0	50	0	NA
1016	12	742	1100	-24	6	0	65	65	NA
1017	8	500	0	-6	-2859	1	50	0	800
1018	8	742	0	-24	-2859	0	50	0	NA
1019	12	742	903	24	-6	0	65	65	NA
1020	12	742	903	24	-6	0	65	65	NA
1021	12	742	1100	-24	6	0	65	65	NA
1022	12	609	742	24	-6	0	65	65	NA
1023	12	609	742	24	-6	0	65	65	NA
1024	8	1632	0	-6	-2859	0	50	0	NA
1025	8	500	0	6	-2859	0	50	0	NA
1026	12	742	500	24	-6	0	65	65	NA
1027	12	742	903	24	-6	1	65	65	800
1028	12	903	742	-24	6	0	65	65	600
1029	8	742	0	24	-2859	1	50	0	600
1030	12	1100	742	24	-6	0	65	65	700
1031	12	742	609	24	-6	0	65	65	NA
1032	8	1632	0	-6	-2859	1	50	0	600
1033	8	1632	0	24	-2859	0	50	0	NA
1034	8	500	0	-6	-2859	0	50	0	NA
1035	12	742	903	-24	6	0	65	65	NA
1036	8	500	0	-6	-2859	0	50	0	NA
1037	8	500	0	24	-2859	0	50	0	NA
1038	12	742	1100	24	-6	0	65	65	NA
1039	8	1632	0	6	-2859	0	50	0	NA
1040	12	742	500	24	-6	0	65	65	NA
1041	8	500	0	24	-2859	0	50	0	NA
1042	12	903	742	-24	6	0	65	65	NA
1043	8	1632	0	-24	-2859	0	50	0	NA
1044	8	742	0	6	-2859	0	50	0	600
1045	8	1632	0	-24	-2859	0	50	0	NA
1046	12	742	903	-24	6	0	65	65	NA
1047	12	903	742	24	-6	0	65	65	NA
1048	8	742	0	6	-2859	0	50	0	700
1049	8	742	0	24	-2859	0	50	0	NA
1050	8	1632	0	24	-2859	0	50	0	NA
1051	12	742	1100	-24	6	0	65	65	NA
1052	8	1632	0	6	-2859	0	50	0	NA
1053	12	742	903	24	-6	0	65	65	NA
1054	8	500	0	-6	-2859	1	50	0	800
1055	12	742	500	24	-6	1	65	65	600
1056	8	742	0	6	-2859	0	50	0	NA
1057	8	500	0	24	-2859	0	50	0	NA
1058	12	609	742	24	-6	0	65	65	NA
1059	8	500	0	6	-2859	1	50	0	700
1060	12	903	742	24	-6	0	65	65	NA
1061	8	742	0	24	-2859	0	50	0	NA
1062	8	1632	0	-6	-2859	0	50	0	NA
1063	12	903	742	-24	6	0	65	65	NA
1064	12	1100	742	24	-6	0	65	65	NA
1065	12	500	742	24	-6	0	65	65	NA
1066	8	1632	0	-24	-2859	0	50	0	NA
1067	8	742	0	-6	-2859	1	50	0	600
1068	8	742	0	6	-2859	0	50	0	NA
1069	8	742	0	-24	-2859	0	50	0	NA
1070	12	903	742	24	-6	0	65	65	NA
1071	8	742	0	6	-2859	0	50	0	NA
1072	8	500	0	-6	-2859	0	50	0	NA
1073	12	1100	742	24	-6	0	65	65	NA
1074	12	500	742	24	-6	0	65	65	NA
1075	12	742	500	24	-6	0	65	65	NA
1076	8	1632	0	6	-2859	0	50	0	NA
1077	8	742	0	-24	-2859	0	50	0	NA
1078	8	1632	0	-6	-2859	0	50	0	600
1079	8	500	0	24	-2859	1	50	0	800
1080	12	742	609	-24	6	0	65	65	700
1081	12	609	742	-24	6	0	65	65	700
1082	8	1632	0	24	-2859	0	50	0	NA
1083	8	500	0	6	-2859	0	50	0	NA
1084	12	500	742	24	-6	0	65	65	NA
1085	8	1632	0	6	-2859	0	50	0	600
1086	8	1632	0	-6	-2859	1	50	0	600
1087	12	609	742	-24	6	0	65	65	NA
1088	8	1632	0	-6	-2859	0	50	0	NA
1089	12	903	742	-24	6	0	65	65	NA
1090	12	609	742	-24	6	0	65	65	NA
1091	12	742	609	24	-6	1	65	65	600
1092	12	742	500	-24	6	0	65	65	NA
1093	8	742	0	6	-2859	0	50	0	NA
1094	12	742	903	-24	6	0	65	65	700
1095	8	1632	0	6	-2859	0	50	0	NA
1096	12	609	742	24	-6	0	65	65	NA
1097	12	742	609	-24	6	0	65	65	NA
1098	12	500	742	-24	6	0	65	65	800
1099	8	500	0	-24	-2859	1	50	0	600
1100	8	500	0	6	-2859	0	50	0	NA
1101	8	742	0	6	-2859	0	50	0	600
1102	12	742	500	-24	6	0	65	65	NA
1103	12	742	903	24	-6	0	65	65	700
1104	12	1100	742	24	-6	1	65	65	800
1105	8	742	0	-6	-2859	0	50	0	NA
1106	8	500	0	24	-2859	0	50	0	NA
1107	8	1632	0	-6	-2859	1	50	0	800
1108	8	1632	0	6	-2859	0	50	0	700
1109	12	742	903	24	-6	0	65	65	NA
1110	12	742	609	-24	6	0	65	65	NA
1111	8	1632	0	-24	-2859	0	50	0	NA
1112	12	609	742	24	-6	0	65	65	NA
1113	12	742	1100	24	-6	0	65	65	NA
1114	12	742	609	-24	6	0	65	65	800
1115	12	500	742	-24	6	0	65	65	700
1116	8	742	0	-6	-2859	0	50	0	NA
1117	12	742	1100	-24	6	0	65	65	800
1118	8	742	0	24	-2859	1	50	0	600
1119	8	500	0	24	-2859	0	50	0	NA
1120	8	742	0	-24	-2859	0	50	0	NA
1121	8	1632	0	-6	-2859	0	50	0	NA
1122	12	609	742	-24	6	0	65	65	NA
1123	12	742	500	24	-6	0	65	65	NA
1124	8	500	0	24	-2859	0	50	0	NA
1125	8	500	0	6	-2859	0	50	0	NA
1126	8	500	0	6	-2859	0	50	0	NA
1127	8	500	0	-6	-2859	1	50	0	600
1128	8	742	0	6	-2859	0	50	0	NA
1129	8	742	0	-6	-2859	0	50	0	800
1130	12	742	609	-24	6	0	65	65	700
1131	8	742	0	-6	-2859	0	50	0	NA
1132	12	742	500	24	-6	0	65	65	NA
1133	12	1100	742	-24	6	1	65	65	700
1134	12	742	609	24	-6	0	65	65	NA
1135	12	742	609	-24	6	0	65	65	600
1136	8	500	0	6	-2859	0	50	0	NA
1137	8	500	0	-6	-2859	0	50	0	NA
1138	8	1632	0	-24	-2859	0	50	0	NA
1139	12	903	742	24	-6	0	65	65	NA
1140	12	1100	742	24	-6	0	65	65	NA
1141	12	742	609	24	-6	0	65	65	NA
1142	8	1632	0	6	-2859	0	50	0	NA
1143	8	1632	0	6	-2859	0	50	0	NA
1144	8	742	0	-6	-2859	0	50	0	NA
1145	8	742	0	-24	-2859	0	50	0	NA
1146	8	742	0	-24	-2859	0	50	0	NA
1147	12	742	903	-24	6	0	65	65	NA
1148	8	1632	0	-24	-2859	0	50	0	NA
1149	8	742	0	-24	-2859	0	50	0	600
1150	8	500	0	-6	-2859	0	50	0	700
1151	12	742	609	-24	6	0	65	65	NA
1152	12	500	742	-24	6	0	65	65	NA
1153	8	500	0	-24	-2859	0	50	0	NA
1154	12	742	903	24	-6	0	65	65	NA
1155	8	1632	0	-6	-2859	0	50	0	NA
1156	8	500	0	-6	-2859	0	50	0	NA
1157	12	500	742	-24	6	0	65	65	NA
1158	12	903	742	24	-6	0	65	65	NA
1159	12	1100	742	24	-6	0	65	65	NA
1160	12	1100	742	-24	6	0	65	65	NA
1161	12	609	742	24	-6	0	65	65	NA
1162	8	1632	0	6	-2859	0	50	0	NA
1163	8	500	0	-24	-2859	0	50	0	NA
1164	12	1100	742	24	-6	0	65	65	NA
1165	8	500	0	-24	-2859	0	50	0	NA
1166	8	742	0	-6	-2859	0	50	0	NA
1167	8	742	0	6	-2859	0	50	0	NA
1168	8	500	0	6	-2859	0	50	0	NA
1169	8	500	0	-24	-2859	0	50	0	700
1170	12	742	609	-24	6	0	65	65	NA
1171	8	1632	0	24	-2859	0	50	0	NA
1172	12	742	500	24	-6	0	65	65	NA
1173	12	742	609	-24	6	0	65	65	NA
1174	12	742	1100	24	-6	0	65	65	NA
1175	8	1632	0	6	-2859	0	50	0	800
1176	8	742	0	-24	-2859	0	50	0	NA
1177	8	1632	0	-24	-2859	0	50	0	NA
1178	8	742	0	24	-2859	0	50	0	NA
1179	12	742	1100	-24	6	0	65	65	NA
1180	12	742	1100	-24	6	0	65	65	NA
1181	8	742	0	24	-2859	0	50	0	NA
1182	12	1100	742	24	-6	0	65	65	600
1183	8	500	0	6	-2859	0	50	0	NA
1184	12	742	903	-24	6	0	65	65	NA
1185	8	500	0	24	-2859	0	50	0	800
1186	12	903	742	-24	6	0	65	65	NA
1187	8	742	0	-24	-2859	0	50	0	NA
1188	12	742	500	-24	6	0	65	65	700
1189	8	1632	0	24	-2859	0	50	0	700
1190	8	500	0	-24	-2859	1	50	0	600
1191	8	742	0	-24	-2859	0	50	0	NA
1192	12	609	742	-24	6	0	65	65	NA
1193	8	1632	0	6	-2859	0	50	0	700
1194	8	1632	0	24	-2859	1	50	0	600
1195	8	500	0	6	-2859	0	50	0	600
1196	8	500	0	-6	-2859	0	50	0	NA
1197	8	500	0	24	-2859	0	50	0	NA
1198	8	1632	0	6	-2859	0	50	0	600
1199	8	500	0	-24	-2859	0	50	0	NA
1200	8	1632	0	6	-2859	0	50	0	NA
1201	8	1632	0	6	-2859	0	50	0	NA
1202	8	742	0	-24	-2859	0	50	0	NA
1203	8	742	0	6	-2859	0	50	0	NA
1204	8	742	0	-24	-2859	0	50	0	NA
1205	8	500	0	6	-2859	0	50	0	NA
1206	8	500	0	-6	-2859	0	50	0	NA
1207	8	500	0	24	-2859	0	50	0	NA
1208	8	1632	0	-24	-2859	0	50	0	NA
1209	12	742	903	24	-6	0	65	65	NA
1210	8	500	0	6	-2859	1	50	0	600
1211	8	1632	0	24	-2859	0	50	0	600
1212	12	742	609	-24	6	0	65	65	NA
1213	12	609	742	-24	6	0	65	65	700
1214	12	742	500	-24	6	0	65	65	NA
1215	12	742	1100	-24	6	0	65	65	NA
1216	8	742	0	24	-2859	0	50	0	NA
1217	8	1632	0	-6	-2859	0	50	0	NA
1218	12	903	742	24	-6	0	65	65	NA
1219	12	742	609	24	-6	0	65	65	NA
1220	8	742	0	-24	-2859	0	50	0	NA
1221	8	742	0	6	-2859	0	50	0	NA
1222	12	500	742	24	-6	1	65	65	600
1223	8	1632	0	-6	-2859	0	50	0	NA
1224	8	1632	0	6	-2859	0	50	0	NA
1225	8	1632	0	24	-2859	0	50	0	NA
1226	8	500	0	6	-2859	0	50	0	NA
1227	12	742	903	24	-6	0	65	65	NA
1228	12	609	742	24	-6	0	65	65	NA
1229	8	1632	0	24	-2859	0	50	0	NA
1230	8	742	0	-6	-2859	0	50	0	NA
1231	12	742	609	-24	6	0	65	65	NA
1232	12	609	742	24	-6	0	65	65	700
1233	12	500	742	-24	6	0	65	65	NA
1234	12	609	742	-24	6	0	65	65	NA
1235	12	903	742	-24	6	0	65	65	NA
1236	12	742	609	-24	6	0	65	65	NA
1237	8	742	0	6	-2859	0	50	0	NA
1238	12	742	1100	-24	6	0	65	65	600
1239	12	742	609	24	-6	0	65	65	NA
1240	8	500	0	-6	-2859	0	50	0	NA
1241	12	742	500	24	-6	0	65	65	NA
1242	8	742	0	6	-2859	0	50	0	NA
1243	8	500	0	-6	-2859	1	50	0	700
1244	8	500	0	-24	-2859	0	50	0	NA
1245	8	742	0	6	-2859	0	50	0	NA
1246	12	1100	742	-24	6	0	65	65	NA
1247	12	609	742	24	-6	0	65	65	NA
1248	12	903	742	24	-6	0	65	65	NA
1249	8	742	0	-24	-2859	0	50	0	NA
1250	12	742	500	24	-6	0	65	65	NA
1251	8	1632	0	24	-2859	0	50	0	NA
1252	8	500	0	-24	-2859	0	50	0	NA
1253	12	1100	742	-24	6	0	65	65	NA
1254	8	742	0	24	-2859	0	50	0	NA
1255	12	609	742	24	-6	1	65	65	800
1256	8	1632	0	-6	-2859	0	50	0	NA
1257	8	500	0	-6	-2859	0	50	0	NA
1258	12	609	742	-24	6	0	65	65	NA
1259	8	500	0	-6	-2859	1	50	0	700
1260	8	500	0	24	-2859	0	50	0	NA
1261	12	500	742	24	-6	0	65	65	NA
1262	8	1632	0	6	-2859	0	50	0	NA
1263	12	742	500	-24	6	0	65	65	NA
1264	12	500	742	24	-6	0	65	65	NA
1265	8	500	0	24	-2859	0	50	0	NA
1266	8	1632	0	-6	-2859	0	50	0	NA
1267	8	742	0	-24	-2859	0	50	0	NA
1268	8	1632	0	-6	-2859	0	50	0	NA
1269	12	903	742	-24	6	0	65	65	600
1270	12	1100	742	-24	6	0	65	65	NA
1271	12	609	742	-24	6	0	65	65	NA
1272	12	742	1100	-24	6	0	65	65	NA
1273	12	742	903	24	-6	0	65	65	NA
1274	8	742	0	-24	-2859	0	50	0	NA
1275	8	742	0	24	-2859	0	50	0	NA
1276	12	1100	742	24	-6	1	65	65	800
1277	8	1632	0	24	-2859	0	50	0	NA
1278	12	903	742	24	-6	0	65	65	NA
1279	12	742	500	-24	6	0	65	65	NA
1280	12	742	903	-24	6	0	65	65	NA
1281	8	1632	0	6	-2859	0	50	0	NA
1282	12	609	742	24	-6	0	65	65	NA
1283	8	742	0	6	-2859	0	50	0	700
1284	8	742	0	-24	-2859	1	50	0	600
1285	12	609	742	-24	6	1	65	65	700
1286	8	742	0	-6	-2859	0	50	0	NA
1287	8	500	0	-6	-2859	0	50	0	NA
1288	8	1632	0	24	-2859	0	50	0	NA
1289	12	609	742	24	-6	0	65	65	NA
1290	12	903	742	-24	6	0	65	65	NA
1291	8	500	0	-6	-2859	0	50	0	NA
1292	8	500	0	6	-2859	0	50	0	600
1293	8	742	0	-24	-2859	0	50	0	NA
1294	8	742	0	24	-2859	1	50	0	700
1295	8	500	0	-24	-2859	0	50	0	NA
1296	8	742	0	-6	-2859	0	50	0	NA
1297	12	742	903	24	-6	0	65	65	NA
