1	8	1988	0	6	-2859	0	50	0	NA
2	8	500	0	-6	-2859	0	50	0	700
3	12	1988	742	-24	6	1	50	50	750
4	12	1988	742	-24	6	1	50	50	800
5	12	500	742	24	-6	1	50	50	700
6	12	500	742	-24	6	1	50	50	800
7	8	742	0	-24	-2859	1	50	0	800
8	12	500	742	-24	6	0	50	50	750
9	8	742	0	6	-2859	1	50	0	700
10	12	742	500	-24	6	1	50	50	800
11	8	1988	0	6	-2859	1	50	0	700
12	12	500	742	-24	6	0	50	50	750
13	12	742	500	24	-6	0	50	50	800
14	12	742	1988	24	-6	0	50	50	700
15	8	742	0	-6	-2859	0	50	0	NA
16	12	742	1988	-24	6	1	50	50	700
17	12	1988	742	-24	6	1	50	50	800
18	12	500	742	-24	6	1	50	50	800
19	12	742	1988	-24	6	0	50	50	750
20	8	742	0	6	-2859	1	50	0	750
21	8	500	0	6	-2859	1	50	0	800
22	12	500	742	-24	6	1	50	50	700
23	12	500	742	24	-6	1	50	50	800
24	12	500	742	-24	6	0	50	50	700
25	8	742	0	-6	-2859	1	50	0	700
26	12	742	1988	-24	6	1	50	50	800
27	12	1988	742	24	-6	1	50	50	750
28	8	500	0	-6	-2859	1	50	0	700
29	8	500	0	6	-2859	1	50	0	800
30	8	742	0	-24	-2859	1	50	0	750
31	12	742	1988	-24	6	0	50	50	700
32	12	1988	742	24	-6	1	50	50	800
33	12	742	1988	-24	6	0	50	50	800
34	12	500	742	-24	6	1	50	50	700
35	8	1988	0	-6	-2859	1	50	0	700
36	8	1988	0	-24	-2859	1	50	0	800
37	12	742	500	24	-6	1	50	50	700
38	12	500	742	24	-6	0	50	50	750
39	8	1988	0	24	-2859	1	50	0	800
40	8	742	0	24	-2859	1	50	0	750
41	12	742	1988	24	-6	1	50	50	800
42	12	742	1988	-24	6	0	50	50	800
43	12	742	1988	-24	6	0	50	50	700
44	12	500	742	-24	6	1	50	50	700
45	12	1988	742	24	-6	1	50	50	750
46	12	742	1988	24	-6	1	50	50	800
47	8	742	0	24	-2859	1	50	0	800
48	8	742	0	-6	-2859	1	50	0	700
49	8	1988	0	-6	-2859	1	50	0	700
50	12	742	500	-24	6	1	50	50	800
51	12	500	742	24	-6	1	50	50	700
52	8	500	0	-24	-2859	1	50	0	800
53	8	500	0	-6	-2859	1	50	0	700
54	8	742	0	-6	-2859	0	50	0	NA
55	8	500	0	24	-2859	1	50	0	800
56	8	1988	0	6	-2859	1	50	0	700
57	12	742	500	24	-6	1	50	50	750
58	8	1988	0	-24	-2859	1	50	0	700
59	8	1988	0	-6	-2859	1	50	0	800
60	8	1988	0	-6	-2859	1	50	0	800
61	8	742	0	24	-2859	1	50	0	700
62	12	1988	742	-24	6	0	50	50	750
63	8	500	0	6	-2859	1	50	0	800
64	12	500	742	24	-6	1	50	50	700
65	12	742	1988	-24	6	0	50	50	750
66	8	742	0	-6	-2859	1	50	0	800
67	8	742	0	-24	-2859	1	50	0	700
68	12	742	500	-24	6	0	50	50	800
69	12	500	742	24	-6	1	50	50	700
70	12	1988	742	-24	6	1	50	50	750
71	12	742	1988	-24	6	1	50	50	800
72	8	1988	0	-6	-2859	0	50	0	800
73	12	1988	742	24	-6	1	50	50	700
74	12	1988	742	-24	6	0	50	50	700
75	8	500	0	24	-2859	1	50	0	750
76	8	500	0	-6	-2859	0	50	0	NA
77	8	1988	0	-6	-2859	0	50	0	NA
78	12	742	500	-24	6	1	50	50	700
79	12	1988	742	24	-6	1	50	50	800
80	12	500	742	24	-6	1	50	50	800
81	8	742	0	-6	-2859	1	50	0	800
82	12	500	742	-24	6	1	50	50	700
83	12	742	500	-24	6	1	50	50	700
84	8	742	0	6	-2859	1	50	0	750
85	8	742	0	-24	-2859	1	50	0	800
86	8	1988	0	-6	-2859	0	50	0	750
87	12	500	742	24	-6	1	50	50	700
88	8	1988	0	-6	-2859	1	50	0	700
89	8	500	0	24	-2859	1	50	0	800
90	12	742	500	24	-6	1	50	50	700
91	12	742	500	24	-6	0	50	50	800
92	12	1988	742	-24	6	1	50	50	800
93	12	1988	742	-24	6	0	50	50	750
94	8	500	0	-6	-2859	1	50	0	700
95	8	742	0	-6	-2859	1	50	0	750
96	8	1988	0	-6	-2859	1	50	0	700
97	8	500	0	6	-2859	0	50	0	NA
98	8	1988	0	6	-2859	1	50	0	700
99	12	742	1988	-24	6	1	50	50	800
100	12	742	1988	-24	6	0	50	50	NA
101	12	500	742	-24	6	1	50	50	800
102	8	1988	0	-24	-2859	1	50	0	800
103	12	742	1988	24	-6	1	50	50	700
104	12	742	1988	24	-6	1	50	50	700
105	12	742	500	24	-6	0	50	50	700
106	12	500	742	24	-6	0	50	50	800
107	8	1988	0	24	-2859	1	50	0	700
108	12	742	1988	24	-6	0	50	50	NA
109	8	1988	0	-6	-2859	1	50	0	800
110	8	500	0	-6	-2859	1	50	0	750
111	12	1988	742	-24	6	1	50	50	700
112	8	500	0	24	-2859	1	50	0	800
113	12	500	742	24	-6	1	50	50	700
114	12	1988	742	24	-6	0	50	50	NA
115	12	500	742	24	-6	0	50	50	750
116	12	742	1988	-24	6	0	50	50	700
117	8	500	0	24	-2859	0	50	0	NA
118	8	742	0	24	-2859	0	50	0	NA
119	8	742	0	6	-2859	0	50	0	700
120	8	742	0	-24	-2859	1	50	0	800
121	8	500	0	6	-2859	1	50	0	800
122	12	500	742	-24	6	1	50	50	750
123	12	500	742	24	-6	1	50	50	700
124	8	500	0	24	-2859	1	50	0	700
125	12	742	1988	24	-6	1	50	50	800
126	12	742	500	-24	6	0	50	50	800
127	12	742	1988	24	-6	0	50	50	NA
128	12	742	500	24	-6	1	50	50	700
129	12	1988	742	24	-6	1	50	50	700
130	12	500	742	24	-6	1	50	50	800
131	8	742	0	-24	-2859	1	50	0	800
132	8	1988	0	24	-2859	1	50	0	750
133	8	742	0	-6	-2859	1	50	0	700
134	12	742	500	-24	6	0	50	50	NA
135	8	1988	0	6	-2859	1	50	0	700
136	8	500	0	6	-2859	1	50	0	700
137	8	500	0	-24	-2859	1	50	0	750
138	8	1988	0	-24	-2859	0	50	0	NA
139	12	500	742	24	-6	0	50	50	NA
140	8	742	0	-6	-2859	1	50	0	800
141	8	742	0	-6	-2859	1	50	0	700
142	12	742	1988	-24	6	0	50	50	800
143	12	1988	742	24	-6	1	50	50	750
144	8	742	0	-24	-2859	1	50	0	700
145	8	500	0	-24	-2859	1	50	0	800
146	8	1988	0	-24	-2859	1	50	0	700
147	12	500	742	24	-6	1	50	50	750
148	12	742	500	-24	6	0	50	50	NA
149	8	1988	0	24	-2859	1	50	0	700
150	8	500	0	6	-2859	0	50	0	800
151	12	1988	742	24	-6	1	50	50	750
152	8	500	0	6	-2859	1	50	0	700
153	8	742	0	-24	-2859	1	50	0	800
154	12	742	500	-24	6	1	50	50	700
155	8	1988	0	6	-2859	1	50	0	800
156	8	742	0	-6	-2859	1	50	0	700
157	8	1988	0	-24	-2859	1	50	0	750
158	12	500	742	-24	6	1	50	50	800
159	8	1988	0	24	-2859	1	50	0	700
160	8	1988	0	24	-2859	1	50	0	750
161	12	1988	742	-24	6	0	50	50	700
162	8	1988	0	24	-2859	1	50	0	800
163	12	742	500	24	-6	1	50	50	700
164	8	742	0	6	-2859	1	50	0	800
165	12	1988	742	24	-6	1	50	50	700
166	8	500	0	6	-2859	0	50	0	750
167	8	500	0	-6	-2859	1	50	0	700
168	12	742	500	-24	6	0	50	50	800
169	12	500	742	-24	6	1	50	50	800
170	12	742	500	24	-6	1	50	50	800
171	12	500	742	-24	6	1	50	50	700
172	12	742	1988	-24	6	0	50	50	NA
173	12	742	500	24	-6	1	50	50	700
174	12	742	500	-24	6	0	50	50	750
175	12	1988	742	-24	6	1	50	50	700
176	12	500	742	24	-6	1	50	50	750
177	8	500	0	-24	-2859	1	50	0	700
178	12	500	742	-24	6	0	50	50	NA
179	8	742	0	-6	-2859	0	50	0	800
180	12	1988	742	-24	6	0	50	50	800
181	8	742	0	-6	-2859	1	50	0	700
182	8	742	0	24	-2859	1	50	0	750
183	12	742	1988	-24	6	0	50	50	NA
184	8	742	0	-6	-2859	1	50	0	700
185	12	742	1988	24	-6	0	50	50	750
186	12	742	500	-24	6	1	50	50	700
187	12	1988	742	24	-6	0	50	50	NA
188	8	1988	0	-24	-2859	0	50	0	NA
189	8	500	0	6	-2859	1	50	0	800
190	8	1988	0	6	-2859	0	50	0	NA
191	12	1988	742	-24	6	0	50	50	NA
192	12	742	1988	24	-6	1	50	50	800
193	12	742	1988	-24	6	1	50	50	750
194	12	1988	742	-24	6	1	50	50	800
195	8	1988	0	24	-2859	1	50	0	800
196	12	500	742	24	-6	0	50	50	700
197	12	500	742	-24	6	0	50	50	NA
198	12	742	500	-24	6	0	50	50	NA
199	8	500	0	24	-2859	0	50	0	NA
200	12	1988	742	-24	6	0	50	50	NA
201	12	742	500	-24	6	1	50	50	700
202	8	742	0	-6	-2859	1	50	0	700
203	12	500	742	24	-6	1	50	50	800
204	12	742	1988	24	-6	0	50	50	NA
205	8	742	0	6	-2859	1	50	0	700
206	12	742	500	-24	6	0	50	50	700
207	8	500	0	-24	-2859	1	50	0	750
208	12	500	742	24	-6	1	50	50	800
209	12	742	1988	24	-6	1	50	50	800
210	12	742	500	24	-6	0	50	50	NA
211	8	742	0	6	-2859	0	50	0	750
212	8	742	0	-24	-2859	1	50	0	800
213	12	742	500	24	-6	1	50	50	700
214	8	1988	0	6	-2859	1	50	0	800
215	8	1988	0	-6	-2859	1	50	0	800
216	12	500	742	24	-6	1	50	50	700
217	8	500	0	24	-2859	0	50	0	NA
218	12	742	1988	24	-6	0	50	50	NA
219	8	742	0	6	-2859	1	50	0	800
220	8	500	0	-6	-2859	1	50	0	700
221	12	1988	742	-24	6	1	50	50	800
222	12	500	742	24	-6	0	50	50	NA
223	8	742	0	24	-2859	0	50	0	NA
224	8	1988	0	24	-2859	0	50	0	NA
225	12	1988	742	-24	6	0	50	50	NA
226	12	500	742	-24	6	0	50	50	NA
227	12	1988	742	-24	6	0	50	50	700
228	8	500	0	6	-2859	0	50	0	750
229	12	1988	742	-24	6	0	50	50	NA
230	12	1988	742	-24	6	0	50	50	800
231	12	1988	742	-24	6	0	50	50	NA
232	12	742	500	-24	6	0	50	50	NA
233	12	1988	742	-24	6	1	50	50	800
234	12	500	742	24	-6	0	50	50	NA
235	12	500	742	-24	6	1	50	50	800
236	12	742	500	24	-6	1	50	50	700
237	12	1988	742	-24	6	0	50	50	700
238	8	742	0	6	-2859	1	50	0	750
239	12	742	500	24	-6	1	50	50	800
240	8	742	0	-24	-2859	1	50	0	700
241	12	742	500	24	-6	1	50	50	750
242	8	742	0	24	-2859	1	50	0	800
243	8	1988	0	24	-2859	1	50	0	700
244	12	742	500	24	-6	1	50	50	800
245	12	742	500	-24	6	1	50	50	750
246	12	500	742	-24	6	0	50	50	800
247	12	1988	742	24	-6	0	50	50	NA
248	8	1988	0	-24	-2859	0	50	0	NA
249	12	742	1988	24	-6	1	50	50	700
250	8	742	0	24	-2859	1	50	0	800
251	8	1988	0	24	-2859	0	50	0	NA
252	12	742	1988	24	-6	1	50	50	700
253	8	500	0	6	-2859	1	50	0	800
254	12	742	1988	-24	6	1	50	50	700
255	12	1988	742	24	-6	1	50	50	700
256	12	742	1988	-24	6	1	50	50	800
257	12	742	1988	24	-6	0	50	50	NA
258	12	500	742	24	-6	1	50	50	750
259	8	500	0	-6	-2859	1	50	0	700
260	12	500	742	24	-6	1	50	50	750
261	12	1988	742	-24	6	1	50	50	700
262	12	742	500	24	-6	1	50	50	800
263	12	742	1988	24	-6	1	50	50	700
264	8	500	0	-24	-2859	1	50	0	800
265	12	742	1988	-24	6	1	50	50	800
266	8	742	0	6	-2859	1	50	0	800
267	12	742	500	-24	6	1	50	50	750
268	12	1988	742	-24	6	1	50	50	700
269	8	742	0	-24	-2859	1	50	0	700
270	12	1988	742	24	-6	1	50	50	800
271	12	500	742	24	-6	0	50	50	700
272	8	500	0	6	-2859	0	50	0	700
273	8	742	0	6	-2859	1	50	0	750
274	8	500	0	24	-2859	1	50	0	800
275	8	742	0	24	-2859	0	50	0	NA
276	8	500	0	-6	-2859	1	50	0	700
277	12	1988	742	24	-6	0	50	50	750
278	8	1988	0	-24	-2859	0	50	0	NA
279	12	742	1988	24	-6	0	50	50	700
280	8	1988	0	24	-2859	0	50	0	NA
281	8	1988	0	6	-2859	0	50	0	NA
282	12	742	500	-24	6	0	50	50	NA
283	8	500	0	-24	-2859	0	50	0	NA
284	8	500	0	-6	-2859	1	50	0	800
285	12	742	1988	24	-6	0	50	50	NA
286	8	1988	0	24	-2859	0	50	0	NA
287	12	500	742	24	-6	0	50	50	NA
288	8	500	0	6	-2859	0	50	0	800
289	8	1988	0	-24	-2859	0	50	0	750
290	8	1988	0	24	-2859	0	50	0	750
291	8	742	0	24	-2859	0	50	0	700
292	8	500	0	6	-2859	0	50	0	800
293	12	500	742	24	-6	0	50	50	700
294	8	742	0	6	-2859	0	50	0	800
295	8	742	0	-6	-2859	1	50	0	800
296	8	500	0	6	-2859	0	50	0	700
297	12	500	742	-24	6	0	50	50	NA
298	8	500	0	24	-2859	0	50	0	750
299	8	742	0	-6	-2859	0	50	0	NA
300	12	1988	742	-24	6	0	50	50	700
301	12	500	742	24	-6	0	50	50	NA
302	8	1988	0	6	-2859	0	50	0	NA
303	8	742	0	-24	-2859	0	50	0	NA
304	8	1988	0	-24	-2859	0	50	0	NA
305	8	500	0	-24	-2859	0	50	0	NA
306	12	742	500	-24	6	0	50	50	NA
307	12	1988	742	24	-6	0	50	50	NA
308	8	500	0	-24	-2859	0	50	0	NA
309	8	742	0	-24	-2859	0	50	0	NA
310	12	1988	742	-24	6	0	50	50	NA
311	12	500	742	-24	6	0	50	50	NA
312	12	1988	742	-24	6	0	50	50	NA
313	12	500	742	24	-6	0	50	50	NA
314	12	1988	742	24	-6	0	50	50	NA
315	12	1988	742	24	-6	0	50	50	NA
316	8	1988	0	-24	-2859	0	50	0	NA
317	8	500	0	6	-2859	0	50	0	NA
318	12	742	500	-24	6	0	50	50	NA
319	12	742	500	-24	6	0	50	50	NA
320	12	500	742	-24	6	0	50	50	NA
321	12	1988	742	-24	6	0	50	50	NA
322	8	500	0	24	-2859	0	50	0	NA
323	12	742	1988	24	-6	0	50	50	NA
324	12	742	1988	24	-6	0	50	50	NA
325	8	742	0	24	-2859	0	50	0	NA
326	12	742	1988	24	-6	0	50	50	NA
327	8	1988	0	-24	-2859	0	50	0	NA
328	8	742	0	-24	-2859	0	50	0	NA
329	8	1988	0	-6	-2859	0	50	0	NA
330	12	742	1988	24	-6	0	50	50	NA
331	12	1988	742	24	-6	0	50	50	NA
332	12	742	1988	24	-6	0	50	50	NA
333	8	500	0	6	-2859	0	50	0	NA
334	12	1988	742	24	-6	0	50	50	NA
335	12	742	1988	24	-6	0	50	50	NA
336	12	742	500	-24	6	0	50	50	NA
337	12	742	1988	-24	6	0	50	50	NA
338	8	500	0	24	-2859	0	50	0	NA
339	12	742	1988	-24	6	0	50	50	NA
340	12	742	1988	-24	6	0	50	50	NA
341	12	742	500	-24	6	0	50	50	NA
342	12	500	742	24	-6	0	50	50	NA
343	8	1988	0	-6	-2859	0	50	0	NA
344	8	742	0	24	-2859	0	50	0	NA
345	8	1988	0	24	-2859	0	50	0	NA
346	8	1988	0	-6	-2859	0	50	0	NA
347	12	1988	742	-24	6	0	50	50	NA
348	12	500	742	24	-6	0	50	50	NA
349	12	742	500	24	-6	0	50	50	NA
350	12	742	1988	24	-6	0	50	50	NA
351	12	1988	742	24	-6	0	50	50	NA
352	8	500	0	-6	-2859	0	50	0	NA
353	12	742	500	-24	6	0	50	50	700
354	12	500	742	-24	6	0	50	50	NA
355	12	1988	742	24	-6	0	50	50	NA
356	8	742	0	-24	-2859	0	50	0	NA
357	12	500	742	-24	6	0	50	50	NA
358	8	1988	0	24	-2859	0	50	0	NA
359	12	742	1988	-24	6	0	50	50	NA
360	8	742	0	-24	-2859	0	50	0	NA
361	12	500	742	-24	6	0	50	50	700
362	8	1988	0	24	-2859	0	50	0	NA
363	8	500	0	-24	-2859	0	50	0	NA
364	8	742	0	24	-2859	0	50	0	750
365	8	500	0	24	-2859	0	50	0	700
366	12	500	742	-24	6	0	50	50	800
367	8	742	0	6	-2859	0	50	0	NA
368	12	1988	742	24	-6	0	50	50	NA
369	12	1988	742	24	-6	0	50	50	NA
370	12	742	500	24	-6	0	50	50	NA
371	12	500	742	-24	6	0	50	50	NA
372	12	742	1988	-24	6	0	50	50	NA
373	12	1988	742	-24	6	0	50	50	NA
374	12	742	1988	24	-6	0	50	50	NA
375	8	742	0	24	-2859	0	50	0	NA
376	12	1988	742	24	-6	0	50	50	750
377	12	1988	742	24	-6	0	50	50	NA
378	12	1988	742	-24	6	0	50	50	NA
379	12	742	1988	-24	6	0	50	50	NA
380	8	500	0	-6	-2859	0	50	0	NA
381	12	500	742	-24	6	0	50	50	800
382	12	500	742	-24	6	0	50	50	NA
383	8	1988	0	24	-2859	0	50	0	NA
384	12	742	500	24	-6	0	50	50	NA
385	12	742	500	24	-6	0	50	50	NA
386	8	500	0	-24	-2859	0	50	0	NA
387	12	1988	742	-24	6	0	50	50	NA
388	12	742	1988	-24	6	0	50	50	NA
389	12	500	742	-24	6	0	50	50	NA
390	8	500	0	6	-2859	0	50	0	NA
391	12	742	500	-24	6	0	50	50	800
392	8	1988	0	24	-2859	0	50	0	NA
393	8	1988	0	-24	-2859	0	50	0	NA
394	8	742	0	-24	-2859	0	50	0	NA
395	8	742	0	-24	-2859	0	50	0	NA
396	12	742	1988	-24	6	0	50	50	800
397	12	500	742	24	-6	0	50	50	800
398	8	1988	0	-24	-2859	0	50	0	NA
399	12	500	742	24	-6	0	50	50	NA
400	12	742	500	24	-6	0	50	50	NA
401	8	1988	0	-6	-2859	1	50	0	800
402	8	742	0	-6	-2859	0	50	0	NA
403	8	1988	0	-24	-2859	1	50	0	800
404	12	500	742	-24	6	0	50	50	NA
405	12	742	500	-24	6	0	50	50	NA
406	8	1988	0	24	-2859	0	50	0	NA
407	12	1988	742	-24	6	0	50	50	NA
408	8	742	0	6	-2859	0	50	0	NA
409	12	500	742	24	-6	0	50	50	NA
410	12	1988	742	24	-6	0	50	50	NA
411	8	500	0	-6	-2859	0	50	0	NA
412	12	742	1988	24	-6	0	50	50	NA
413	8	742	0	-6	-2859	0	50	0	NA
414	12	1988	742	24	-6	0	50	50	NA
415	12	500	742	24	-6	0	50	50	NA
416	12	500	742	24	-6	0	50	50	NA
417	12	1988	742	-24	6	0	50	50	NA
418	12	1988	742	-24	6	0	50	50	NA
419	12	742	1988	-24	6	0	50	50	NA
420	8	500	0	-24	-2859	0	50	0	NA
421	8	500	0	-6	-2859	0	50	0	NA
422	12	742	500	24	-6	0	50	50	NA
423	12	1988	742	24	-6	0	50	50	NA
424	8	742	0	-6	-2859	0	50	0	NA
425	8	742	0	6	-2859	0	50	0	NA
426	12	1988	742	-24	6	0	50	50	NA
427	12	500	742	-24	6	0	50	50	NA
428	12	742	1988	24	-6	0	50	50	NA
429	8	500	0	24	-2859	0	50	0	NA
430	8	742	0	-6	-2859	0	50	0	NA
431	8	500	0	6	-2859	0	50	0	NA
432	12	742	1988	-24	6	0	50	50	NA
433	12	742	1988	-24	6	0	50	50	800
434	8	500	0	24	-2859	0	50	0	NA
435	12	500	742	-24	6	1	50	50	800
436	12	742	500	-24	6	1	50	50	750
437	8	1988	0	-24	-2859	1	50	0	700
438	12	742	1988	24	-6	1	50	50	800
439	12	742	500	-24	6	0	50	50	700
440	8	1988	0	6	-2859	0	50	0	750
441	8	742	0	-24	-2859	1	50	0	800
442	12	742	1988	-24	6	1	50	50	700
443	12	1988	742	24	-6	1	50	50	700
444	12	742	500	-24	6	0	50	50	NA
445	12	742	1988	24	-6	0	50	50	NA
446	12	742	500	24	-6	0	50	50	NA
447	8	1988	0	-24	-2859	0	50	0	800
448	8	1988	0	24	-2859	1	50	0	700
449	12	742	1988	24	-6	1	50	50	800
450	12	1988	742	-24	6	0	50	50	800
451	8	1988	0	-24	-2859	0	50	0	NA
452	8	742	0	-24	-2859	0	50	0	NA
453	12	742	1988	-24	6	0	50	50	NA
454	12	742	1988	24	-6	0	50	50	700
455	12	742	1988	-24	6	0	50	50	NA
456	12	1988	742	-24	6	0	50	50	NA
457	12	742	1988	-24	6	0	50	50	NA
458	12	742	1988	-24	6	0	50	50	NA
459	12	742	500	-24	6	0	50	50	NA
460	12	742	500	24	-6	0	50	50	NA
461	12	1988	742	24	-6	0	50	50	NA
462	12	742	500	24	-6	0	50	50	NA
463	12	1988	742	24	-6	0	50	50	NA
464	8	500	0	-24	-2859	0	50	0	NA
465	8	1988	0	-24	-2859	1	50	0	750
466	12	1988	742	24	-6	0	50	50	NA
467	8	500	0	-6	-2859	0	50	0	NA
468	12	500	742	-24	6	0	50	50	NA
469	8	500	0	6	-2859	1	50	0	700
470	8	1988	0	6	-2859	0	50	0	800
471	12	742	1988	24	-6	0	50	50	700
472	8	742	0	-24	-2859	0	50	0	NA
473	12	742	500	-24	6	0	50	50	NA
474	12	742	1988	24	-6	0	50	50	700
475	8	742	0	-6	-2859	0	50	0	800
476	8	742	0	-24	-2859	1	50	0	700
477	12	500	742	24	-6	0	50	50	NA
478	12	742	1988	-24	6	0	50	50	NA
479	8	742	0	-6	-2859	0	50	0	700
480	8	500	0	6	-2859	0	50	0	800
481	12	500	742	24	-6	1	50	50	700
482	8	1988	0	24	-2859	0	50	0	NA
483	8	500	0	6	-2859	0	50	0	NA
484	12	742	500	24	-6	0	50	50	NA
485	8	742	0	24	-2859	0	50	0	NA
486	8	742	0	-24	-2859	0	50	0	NA
487	12	742	1988	24	-6	0	50	50	NA
488	8	1988	0	-24	-2859	0	50	0	NA
489	12	742	1988	-24	6	0	50	50	NA
490	12	742	500	-24	6	0	50	50	NA
491	8	1988	0	-6	-2859	0	50	0	NA
492	12	742	500	-24	6	0	50	50	NA
493	12	742	500	-24	6	1	50	50	800
494	12	742	1988	-24	6	0	50	50	NA
495	12	742	500	-24	6	0	50	50	NA
496	8	500	0	24	-2859	0	50	0	NA
497	8	500	0	24	-2859	0	50	0	NA
498	8	500	0	-24	-2859	0	50	0	NA
499	12	500	742	24	-6	0	50	50	NA
500	8	1988	0	-24	-2859	0	50	0	NA
501	8	1988	0	-6	-2859	0	50	0	700
502	12	742	500	24	-6	0	50	50	NA
503	8	500	0	24	-2859	0	50	0	NA
504	8	500	0	24	-2859	0	50	0	NA
505	12	742	1988	-24	6	0	50	50	NA
506	12	742	500	-24	6	0	50	50	NA
507	12	742	500	-24	6	0	50	50	NA
508	8	1988	0	-6	-2859	0	50	0	NA
509	12	1988	742	-24	6	0	50	50	NA
510	8	742	0	6	-2859	0	50	0	NA
511	8	742	0	-6	-2859	0	50	0	NA
512	8	742	0	-6	-2859	0	50	0	700
513	8	742	0	-24	-2859	0	50	0	NA
514	12	742	500	-24	6	0	50	50	800
515	12	742	1988	24	-6	0	50	50	750
516	8	1988	0	6	-2859	1	50	0	700
517	12	500	742	-24	6	0	50	50	800
518	12	742	500	24	-6	0	50	50	700
519	12	742	1988	24	-6	0	50	50	700
520	12	742	500	24	-6	0	50	50	700
521	12	500	742	24	-6	0	50	50	NA
522	8	500	0	-6	-2859	0	50	0	800
523	12	1988	742	-24	6	0	50	50	800
524	12	742	1988	24	-6	0	50	50	700
525	12	742	1988	-24	6	1	50	50	750
526	12	742	1988	24	-6	0	50	50	NA
527	8	500	0	-24	-2859	0	50	0	NA
528	8	500	0	-6	-2859	0	50	0	NA
529	8	742	0	-6	-2859	0	50	0	NA
530	12	1988	742	-24	6	0	50	50	NA
531	12	742	1988	-24	6	0	50	50	NA
532	8	742	0	-24	-2859	0	50	0	NA
533	8	742	0	-6	-2859	0	50	0	NA
534	12	742	500	24	-6	0	50	50	750
535	12	500	742	-24	6	0	50	50	700
536	12	500	742	-24	6	0	50	50	NA
537	8	1988	0	6	-2859	0	50	0	NA
538	8	1988	0	-6	-2859	0	50	0	NA
539	8	1988	0	24	-2859	0	50	0	700
540	12	1988	742	-24	6	0	50	50	NA
541	8	1988	0	24	-2859	1	50	0	700
542	8	742	0	-6	-2859	0	50	0	NA
543	12	500	742	-24	6	0	50	50	NA
544	8	500	0	-24	-2859	0	50	0	700
545	8	742	0	6	-2859	0	50	0	NA
546	12	1988	742	-24	6	0	50	50	800
547	12	500	742	24	-6	0	50	50	700
548	8	742	0	24	-2859	0	50	0	750
549	12	1988	742	24	-6	0	50	50	700
550	12	742	500	24	-6	0	50	50	NA
551	12	742	1988	-24	6	0	50	50	NA
552	12	500	742	24	-6	0	50	50	NA
553	12	1988	742	-24	6	0	50	50	NA
554	12	742	1988	-24	6	0	50	50	NA
555	12	742	1988	24	-6	0	50	50	NA
556	8	500	0	24	-2859	0	50	0	NA
557	8	500	0	6	-2859	0	50	0	750
558	8	1988	0	-24	-2859	0	50	0	NA
559	12	1988	742	24	-6	0	50	50	NA
560	12	742	1988	24	-6	0	50	50	800
561	8	1988	0	-6	-2859	0	50	0	800
562	8	1988	0	-6	-2859	0	50	0	NA
563	8	1988	0	24	-2859	0	50	0	NA
564	12	1988	742	24	-6	0	50	50	NA
565	8	742	0	6	-2859	0	50	0	NA
566	12	1988	742	-24	6	0	50	50	NA
567	12	742	1988	24	-6	0	50	50	NA
568	8	500	0	-24	-2859	0	50	0	750
569	8	1988	0	-24	-2859	0	50	0	NA
570	12	742	1988	-24	6	0	50	50	NA
571	8	742	0	-6	-2859	0	50	0	NA
572	12	742	500	24	-6	0	50	50	NA
573	8	742	0	24	-2859	0	50	0	NA
574	12	1988	742	-24	6	0	50	50	NA
575	8	500	0	6	-2859	0	50	0	NA
576	8	500	0	6	-2859	0	50	0	NA
577	8	1988	0	6	-2859	1	50	0	800
578	12	500	742	-24	6	0	50	50	800
579	8	742	0	6	-2859	1	50	0	800
580	8	742	0	-6	-2859	0	50	0	NA
581	12	742	500	24	-6	0	50	50	NA
582	8	742	0	-24	-2859	0	50	0	NA
583	8	500	0	24	-2859	0	50	0	NA
584	12	500	742	24	-6	0	50	50	NA
585	12	742	500	24	-6	0	50	50	NA
586	12	742	1988	-24	6	0	50	50	NA
587	8	1988	0	-6	-2859	0	50	0	NA
588	8	500	0	-24	-2859	0	50	0	NA
589	12	500	742	24	-6	0	50	50	NA
590	12	742	1988	24	-6	0	50	50	NA
591	8	742	0	6	-2859	0	50	0	NA
592	12	1988	742	24	-6	0	50	50	NA
593	8	1988	0	-6	-2859	0	50	0	NA
594	8	1988	0	-24	-2859	0	50	0	NA
595	8	500	0	-24	-2859	0	50	0	NA
596	12	1988	742	-24	6	0	50	50	NA
597	8	1988	0	24	-2859	0	50	0	NA
598	12	742	1988	24	-6	0	50	50	NA
599	8	1988	0	6	-2859	0	50	0	NA
600	12	500	742	-24	6	0	50	50	NA
601	12	742	500	-24	6	0	50	50	NA
602	12	742	1988	24	-6	0	50	50	NA
603	8	742	0	24	-2859	0	50	0	NA
604	8	500	0	24	-2859	0	50	0	NA
605	8	742	0	6	-2859	0	50	0	NA
606	12	1988	742	24	-6	0	50	50	NA
607	12	742	500	24	-6	0	50	50	NA
608	12	742	500	24	-6	0	50	50	NA
609	12	742	1988	24	-6	0	50	50	NA
610	12	1988	742	24	-6	0	50	50	NA
611	8	742	0	24	-2859	0	50	0	NA
612	12	1988	742	-24	6	0	50	50	NA
613	8	500	0	24	-2859	0	50	0	NA
614	8	500	0	-24	-2859	0	50	0	NA
615	12	500	742	-24	6	0	50	50	NA
616	8	1988	0	24	-2859	0	50	0	NA
617	12	742	500	-24	6	0	50	50	NA
618	12	742	1988	-24	6	0	50	50	NA
619	8	1988	0	6	-2859	0	50	0	NA
620	12	742	1988	24	-6	0	50	50	NA
621	8	742	0	-6	-2859	0	50	0	NA
622	8	742	0	6	-2859	0	50	0	NA
623	12	500	742	24	-6	0	50	50	NA
624	8	500	0	24	-2859	0	50	0	NA
625	12	742	1988	-24	6	0	50	50	NA
626	12	742	1988	24	-6	0	50	50	NA
627	8	500	0	24	-2859	1	50	0	800
628	8	742	0	-6	-2859	0	50	0	NA
629	8	1988	0	6	-2859	0	50	0	NA
630	12	742	500	-24	6	0	50	50	NA
631	12	500	742	-24	6	0	50	50	NA
632	12	500	742	-24	6	0	50	50	NA
633	8	500	0	-24	-2859	0	50	0	NA
634	8	742	0	-6	-2859	0	50	0	NA
635	12	742	1988	24	-6	0	50	50	NA
636	12	742	1988	24	-6	0	50	50	NA
637	12	500	742	24	-6	0	50	50	NA
638	12	1988	742	24	-6	0	50	50	NA
639	12	500	742	24	-6	0	50	50	NA
640	8	1988	0	24	-2859	0	50	0	NA
641	12	742	1988	24	-6	0	50	50	700
642	8	1988	0	24	-2859	0	50	0	750
643	12	500	742	24	-6	0	50	50	800
644	8	500	0	-24	-2859	1	50	0	750
645	8	500	0	6	-2859	1	50	0	800
646	12	500	742	-24	6	0	50	50	NA
647	12	1988	742	-24	6	0	50	50	NA
648	12	500	742	24	-6	0	50	50	NA
649	12	742	1988	24	-6	0	50	50	NA
650	12	742	500	-24	6	0	50	50	NA
651	8	1988	0	24	-2859	0	50	0	NA
652	8	1988	0	-6	-2859	0	50	0	NA
653	12	500	742	-24	6	0	50	50	NA
654	12	500	742	24	-6	0	50	50	NA
655	12	1988	742	-24	6	0	50	50	NA
656	12	500	742	-24	6	1	50	50	800
657	12	500	742	-24	6	0	50	50	700
658	12	742	1988	-24	6	0	50	50	NA
659	8	500	0	-24	-2859	0	50	0	NA
660	12	1988	742	24	-6	0	50	50	NA
661	12	742	500	-24	6	0	50	50	NA
662	12	742	500	24	-6	0	50	50	NA
663	8	742	0	24	-2859	0	50	0	NA
664	12	742	500	24	-6	0	50	50	700
665	8	1988	0	-24	-2859	0	50	0	700
666	12	742	500	-24	6	0	50	50	NA
667	12	742	1988	24	-6	0	50	50	NA
668	12	500	742	-24	6	1	50	50	750
669	8	500	0	6	-2859	0	50	0	NA
670	12	1988	742	24	-6	0	50	50	NA
671	12	742	1988	24	-6	0	50	50	NA
672	12	1988	742	24	-6	0	50	50	NA
673	12	742	1988	-24	6	0	50	50	NA
674	8	742	0	24	-2859	0	50	0	NA
675	8	742	0	24	-2859	0	50	0	NA
676	8	500	0	6	-2859	0	50	0	NA
677	12	500	742	24	-6	0	50	50	800
678	8	500	0	-6	-2859	0	50	0	NA
679	8	500	0	6	-2859	0	50	0	700
680	12	500	742	-24	6	0	50	50	NA
681	12	500	742	24	-6	0	50	50	800
682	12	742	1988	24	-6	0	50	50	NA
683	12	1988	742	-24	6	0	50	50	700
684	8	1988	0	24	-2859	0	50	0	NA
685	8	500	0	-6	-2859	0	50	0	NA
686	12	742	1988	-24	6	0	50	50	NA
687	12	500	742	24	-6	0	50	50	NA
688	8	742	0	-24	-2859	0	50	0	NA
689	12	742	500	-24	6	0	50	50	NA
690	8	742	0	24	-2859	0	50	0	800
691	8	742	0	-24	-2859	0	50	0	NA
692	8	1988	0	24	-2859	0	50	0	NA
693	12	742	1988	-24	6	0	50	50	NA
694	8	1988	0	-6	-2859	0	50	0	NA
695	8	500	0	-6	-2859	0	50	0	700
696	8	500	0	-24	-2859	0	50	0	NA
697	8	742	0	-24	-2859	0	50	0	NA
698	12	500	742	-24	6	0	50	50	NA
699	8	500	0	6	-2859	0	50	0	NA
700	12	742	500	24	-6	0	50	50	NA
701	12	500	742	24	-6	0	50	50	NA
702	12	742	1988	24	-6	0	50	50	NA
703	8	500	0	24	-2859	0	50	0	NA
704	12	742	1988	24	-6	0	50	50	NA
705	12	742	500	-24	6	0	50	50	800
706	12	1988	742	-24	6	0	50	50	NA
707	8	742	0	-24	-2859	0	50	0	NA
708	12	742	1988	24	-6	0	50	50	NA
709	8	742	0	24	-2859	0	50	0	NA
710	8	1988	0	24	-2859	1	50	0	700
711	12	500	742	-24	6	0	50	50	NA
712	12	742	500	-24	6	0	50	50	NA
713	12	1988	742	24	-6	0	50	50	NA
714	12	742	500	-24	6	0	50	50	NA
715	12	1988	742	24	-6	0	50	50	NA
716	12	742	1988	24	-6	0	50	50	NA
717	8	1988	0	24	-2859	0	50	0	NA
718	12	500	742	24	-6	0	50	50	NA
719	12	742	500	-24	6	0	50	50	NA
720	8	1988	0	6	-2859	0	50	0	NA
721	8	1988	0	6	-2859	0	50	0	NA
722	12	500	742	24	-6	0	50	50	NA
723	12	1988	742	24	-6	0	50	50	NA
724	8	1988	0	-24	-2859	0	50	0	800
725	12	742	500	24	-6	0	50	50	NA
726	12	742	500	24	-6	0	50	50	700
727	8	742	0	6	-2859	0	50	0	NA
728	8	1988	0	6	-2859	0	50	0	NA
729	8	1988	0	24	-2859	1	50	0	800
730	8	742	0	24	-2859	1	50	0	750
731	8	742	0	6	-2859	1	50	0	800
732	12	500	742	24	-6	0	50	50	700
733	12	742	500	-24	6	0	50	50	NA
734	8	500	0	-24	-2859	1	50	0	800
735	8	500	0	6	-2859	1	50	0	750
736	8	500	0	-6	-2859	1	50	0	800
737	12	742	1988	-24	6	0	50	50	700
738	8	500	0	-24	-2859	0	50	0	NA
739	12	742	1988	24	-6	1	50	50	750
740	12	742	1988	24	-6	1	50	50	700
741	12	742	500	-24	6	1	50	50	700
742	8	500	0	-24	-2859	1	50	0	800
743	12	1988	742	24	-6	1	50	50	800
744	8	742	0	24	-2859	0	50	0	NA
745	8	742	0	-24	-2859	0	50	0	NA
746	12	500	742	-24	6	0	50	50	NA
747	8	742	0	24	-2859	0	50	0	NA
748	12	742	500	-24	6	0	50	50	NA
749	8	1988	0	-24	-2859	0	50	0	NA
750	12	500	742	-24	6	1	50	50	700
751	12	742	1988	24	-6	1	50	50	800
752	8	1988	0	24	-2859	0	50	0	NA
753	12	742	1988	-24	6	0	50	50	750
754	8	500	0	24	-2859	1	50	0	800
755	12	1988	742	24	-6	0	50	50	NA
756	8	1988	0	6	-2859	0	50	0	NA
757	12	742	1988	24	-6	0	50	50	NA
758	12	500	742	-24	6	0	50	50	800
759	12	500	742	24	-6	1	50	50	700
760	8	500	0	-24	-2859	0	50	0	NA
761	12	742	1988	-24	6	0	50	50	800
762	8	500	0	6	-2859	0	50	0	800
763	8	500	0	24	-2859	0	50	0	NA
764	12	1988	742	-24	6	0	50	50	NA
765	8	500	0	24	-2859	1	50	0	700
766	12	742	1988	24	-6	0	50	50	NA
767	8	742	0	-6	-2859	0	50	0	NA
768	8	742	0	24	-2859	0	50	0	NA
769	12	500	742	24	-6	0	50	50	800
770	12	1988	742	24	-6	1	50	50	800
771	12	1988	742	-24	6	0	50	50	NA
772	8	500	0	24	-2859	0	50	0	NA
773	8	1988	0	24	-2859	0	50	0	NA
774	8	742	0	24	-2859	0	50	0	NA
775	12	742	1988	-24	6	0	50	50	NA
776	12	1988	742	-24	6	0	50	50	NA
777	12	1988	742	-24	6	0	50	50	NA
778	12	742	500	-24	6	0	50	50	800
779	12	500	742	-24	6	0	50	50	NA
780	8	1988	0	-24	-2859	0	50	0	NA
781	8	1988	0	24	-2859	0	50	0	NA
782	12	742	1988	-24	6	0	50	50	750
783	12	500	742	-24	6	0	50	50	NA
784	8	1988	0	6	-2859	0	50	0	NA
785	8	1988	0	-6	-2859	0	50	0	700
786	8	500	0	24	-2859	0	50	0	800
787	12	742	500	24	-6	0	50	50	NA
788	12	742	500	-24	6	0	50	50	NA
789	8	1988	0	-24	-2859	0	50	0	NA
790	12	742	500	-24	6	0	50	50	NA
791	12	742	1988	-24	6	0	50	50	700
792	8	500	0	6	-2859	0	50	0	NA
793	12	1988	742	24	-6	0	50	50	NA
794	8	1988	0	24	-2859	1	50	0	800
795	8	500	0	6	-2859	0	50	0	NA
796	8	742	0	24	-2859	1	50	0	700
797	12	1988	742	-24	6	0	50	50	750
798	8	742	0	6	-2859	0	50	0	NA
799	12	742	1988	-24	6	0	50	50	NA
800	8	742	0	-24	-2859	0	50	0	NA
801	12	500	742	-24	6	0	50	50	NA
802	8	1988	0	-6	-2859	0	50	0	NA
803	8	1988	0	-6	-2859	0	50	0	NA
804	12	1988	742	24	-6	0	50	50	NA
805	8	742	0	-24	-2859	0	50	0	NA
806	12	500	742	24	-6	0	50	50	800
807	8	500	0	-6	-2859	0	50	0	750
808	8	742	0	24	-2859	1	50	0	700
809	8	742	0	24	-2859	0	50	0	700
810	12	500	742	24	-6	1	50	50	750
811	12	742	1988	24	-6	1	50	50	800
812	12	500	742	-24	6	1	50	50	800
813	8	500	0	6	-2859	1	50	0	700
814	8	500	0	-6	-2859	1	50	0	700
815	8	1988	0	-24	-2859	1	50	0	700
816	12	742	1988	-24	6	0	50	50	NA
817	8	1988	0	24	-2859	1	50	0	800
818	12	742	1988	-24	6	0	50	50	NA
819	8	1988	0	-6	-2859	0	50	0	NA
820	12	742	500	-24	6	0	50	50	NA
821	12	742	1988	24	-6	0	50	50	750
822	8	1988	0	6	-2859	0	50	0	NA
823	12	742	500	-24	6	0	50	50	800
824	8	742	0	-6	-2859	0	50	0	NA
825	12	742	1988	24	-6	0	50	50	NA
826	12	1988	742	-24	6	0	50	50	NA
827	8	742	0	-6	-2859	0	50	0	NA
828	8	1988	0	-24	-2859	0	50	0	NA
829	8	500	0	-6	-2859	0	50	0	NA
830	8	500	0	6	-2859	0	50	0	NA
831	12	742	500	-24	6	0	50	50	800
832	12	742	1988	24	-6	0	50	50	700
833	12	500	742	24	-6	0	50	50	NA
834	12	742	1988	-24	6	0	50	50	NA
835	12	742	500	-24	6	0	50	50	800
836	12	500	742	24	-6	0	50	50	NA
837	8	742	0	-24	-2859	0	50	0	NA
838	12	742	500	24	-6	0	50	50	NA
839	8	500	0	24	-2859	0	50	0	700
840	12	742	1988	-24	6	0	50	50	NA
841	12	500	742	-24	6	0	50	50	NA
842	12	500	742	-24	6	0	50	50	NA
843	12	742	1988	-24	6	0	50	50	NA
844	12	500	742	24	-6	0	50	50	NA
845	8	1988	0	6	-2859	0	50	0	NA
846	12	500	742	-24	6	0	50	50	NA
847	8	1988	0	-6	-2859	0	50	0	NA
848	8	1988	0	6	-2859	1	50	0	750
849	12	1988	742	-24	6	0	50	50	NA
850	12	1988	742	24	-6	0	50	50	NA
851	8	1988	0	6	-2859	0	50	0	NA
852	8	742	0	-24	-2859	0	50	0	NA
853	8	500	0	24	-2859	0	50	0	NA
854	12	500	742	24	-6	0	50	50	NA
855	12	1988	742	24	-6	0	50	50	NA
856	12	500	742	-24	6	0	50	50	700
857	8	500	0	-24	-2859	0	50	0	NA
858	8	742	0	-6	-2859	0	50	0	NA
859	12	742	1988	-24	6	0	50	50	NA
860	12	500	742	-24	6	0	50	50	800
861	8	742	0	24	-2859	0	50	0	NA
862	8	1988	0	24	-2859	0	50	0	NA
863	12	1988	742	24	-6	0	50	50	NA
864	8	500	0	-6	-2859	0	50	0	NA
865	12	500	742	24	-6	0	50	50	NA
866	8	742	0	-6	-2859	0	50	0	NA
867	8	742	0	-24	-2859	0	50	0	NA
868	8	500	0	24	-2859	0	50	0	NA
869	8	742	0	24	-2859	1	50	0	800
870	8	1988	0	-24	-2859	0	50	0	NA
871	12	742	1988	24	-6	0	50	50	NA
872	12	500	742	-24	6	0	50	50	NA
873	12	742	1988	-24	6	0	50	50	800
874	12	742	1988	24	-6	0	50	50	NA
875	8	1988	0	-24	-2859	0	50	0	NA
876	12	742	500	24	-6	0	50	50	NA
877	12	500	742	-24	6	0	50	50	NA
878	8	500	0	-24	-2859	0	50	0	NA
879	8	742	0	-24	-2859	0	50	0	NA
880	8	500	0	6	-2859	0	50	0	NA
881	12	1988	742	-24	6	0	50	50	NA
882	12	742	1988	24	-6	0	50	50	NA
883	12	1988	742	24	-6	0	50	50	700
884	12	742	1988	-24	6	0	50	50	NA
885	8	1988	0	6	-2859	0	50	0	NA
886	8	500	0	6	-2859	0	50	0	NA
887	12	742	500	-24	6	0	50	50	NA
888	12	500	742	-24	6	0	50	50	NA
889	8	500	0	-24	-2859	0	50	0	NA
890	8	742	0	24	-2859	0	50	0	NA
891	8	500	0	-24	-2859	0	50	0	NA
892	12	500	742	24	-6	0	50	50	NA
893	12	742	500	-24	6	0	50	50	NA
894	8	1988	0	24	-2859	0	50	0	NA
895	12	742	1988	24	-6	0	50	50	NA
896	12	742	500	24	-6	0	50	50	800
897	8	742	0	24	-2859	0	50	0	NA
898	8	742	0	24	-2859	0	50	0	NA
899	8	1988	0	6	-2859	0	50	0	NA
900	12	500	742	-24	6	0	50	50	NA
901	12	742	500	24	-6	0	50	50	NA
902	12	742	1988	24	-6	0	50	50	NA
903	8	500	0	-24	-2859	0	50	0	800
904	12	1988	742	24	-6	0	50	50	NA
905	12	742	1988	-24	6	0	50	50	750
906	12	500	742	-24	6	0	50	50	NA
907	12	742	500	24	-6	0	50	50	700
908	8	1988	0	6	-2859	0	50	0	800
909	12	1988	742	-24	6	0	50	50	NA
910	8	1988	0	6	-2859	0	50	0	NA
911	12	742	1988	-24	6	0	50	50	NA
912	12	742	1988	-24	6	0	50	50	NA
913	8	1988	0	6	-2859	0	50	0	NA
914	8	742	0	-24	-2859	0	50	0	NA
915	12	742	1988	24	-6	0	50	50	NA
916	8	500	0	-24	-2859	0	50	0	700
917	8	742	0	-6	-2859	0	50	0	NA
918	12	1988	742	24	-6	0	50	50	700
919	8	500	0	-24	-2859	0	50	0	NA
920	12	500	742	-24	6	0	50	50	800
921	12	1988	742	-24	6	0	50	50	NA
922	12	742	500	-24	6	0	50	50	NA
923	8	500	0	24	-2859	0	50	0	NA
924	12	742	1988	24	-6	0	50	50	NA
925	12	742	500	-24	6	0	50	50	700
926	8	742	0	6	-2859	0	50	0	NA
927	8	1988	0	-24	-2859	0	50	0	NA
928	12	500	742	24	-6	0	50	50	NA
929	8	1988	0	6	-2859	0	50	0	NA
930	8	742	0	-6	-2859	0	50	0	NA
931	8	742	0	-6	-2859	0	50	0	NA
932	8	1988	0	-24	-2859	0	50	0	800
933	8	500	0	-6	-2859	0	50	0	750
934	8	742	0	-6	-2859	0	50	0	NA
935	12	742	1988	24	-6	0	50	50	700
936	8	1988	0	24	-2859	0	50	0	800
937	8	1988	0	24	-2859	0	50	0	700
938	8	500	0	-24	-2859	0	50	0	NA
939	12	742	500	24	-6	0	50	50	NA
940	8	742	0	-6	-2859	0	50	0	NA
941	12	1988	742	-24	6	0	50	50	800
942	8	500	0	-6	-2859	0	50	0	NA
943	12	500	742	24	-6	0	50	50	NA
944	12	742	1988	-24	6	0	50	50	NA
945	8	742	0	-6	-2859	0	50	0	NA
946	8	742	0	6	-2859	0	50	0	700
947	8	1988	0	24	-2859	0	50	0	800
948	12	1988	742	24	-6	0	50	50	750
949	8	500	0	24	-2859	0	50	0	NA
950	12	1988	742	-24	6	0	50	50	NA
951	12	742	500	24	-6	0	50	50	700
952	8	1988	0	24	-2859	1	50	0	750
953	12	742	500	-24	6	0	50	50	NA
954	12	500	742	-24	6	0	50	50	NA
955	12	742	500	24	-6	0	50	50	NA
956	12	742	1988	-24	6	0	50	50	NA
957	8	500	0	24	-2859	0	50	0	NA
958	8	742	0	6	-2859	1	50	0	800
959	12	500	742	-24	6	0	50	50	NA
960	8	500	0	24	-2859	0	50	0	NA
961	12	742	1988	-24	6	0	50	50	NA
962	8	1988	0	-6	-2859	0	50	0	NA
963	8	742	0	-24	-2859	0	50	0	NA
964	12	500	742	-24	6	0	50	50	NA
965	12	742	1988	24	-6	0	50	50	NA
966	12	742	500	24	-6	0	50	50	NA
967	8	742	0	24	-2859	0	50	0	NA
968	8	742	0	6	-2859	0	50	0	750
969	8	500	0	-6	-2859	0	50	0	700
970	8	742	0	-24	-2859	1	50	0	700
971	12	500	742	-24	6	0	50	50	750
972	12	500	742	-24	6	0	50	50	NA
973	12	742	1988	-24	6	0	50	50	NA
974	8	500	0	-24	-2859	0	50	0	NA
975	8	742	0	-24	-2859	0	50	0	NA
976	12	500	742	-24	6	0	50	50	700
977	8	500	0	-6	-2859	0	50	0	NA
978	8	1988	0	-6	-2859	0	50	0	NA
979	8	1988	0	24	-2859	1	50	0	700
980	8	1988	0	-24	-2859	0	50	0	NA
981	12	1988	742	-24	6	0	50	50	NA
982	8	500	0	6	-2859	0	50	0	NA
983	8	500	0	24	-2859	0	50	0	700
984	8	1988	0	6	-2859	0	50	0	NA
985	12	742	1988	-24	6	0	50	50	800
986	8	500	0	-6	-2859	0	50	0	700
987	8	742	0	-24	-2859	0	50	0	NA
988	12	500	742	-24	6	0	50	50	NA
989	8	1988	0	24	-2859	0	50	0	NA
990	8	500	0	6	-2859	0	50	0	800
991	8	1988	0	6	-2859	0	50	0	NA
992	12	1988	742	-24	6	0	50	50	750
993	12	742	500	-24	6	0	50	50	NA
994	12	742	500	-24	6	0	50	50	700
995	12	742	500	-24	6	0	50	50	800
996	8	742	0	-24	-2859	0	50	0	NA
997	12	500	742	-24	6	0	50	50	NA
998	12	1988	742	-24	6	0	50	50	NA
999	12	742	1988	24	-6	1	50	50	800
1000	12	742	1988	24	-6	0	50	50	NA
1001	12	742	500	-24	6	0	50	50	700
1002	12	742	1988	24	-6	0	50	50	NA
1003	12	1988	742	24	-6	0	50	50	NA
1004	8	742	0	-6	-2859	0	50	0	700
1005	12	742	500	-24	6	0	50	50	NA
1006	12	1988	742	24	-6	0	50	50	800
1007	8	742	0	-6	-2859	0	50	0	NA
1008	12	500	742	24	-6	0	50	50	800
1009	12	1988	742	24	-6	0	50	50	NA
1010	8	742	0	24	-2859	0	50	0	700
1011	12	742	1988	24	-6	0	50	50	NA
1012	12	500	742	24	-6	0	50	50	750
1013	12	742	1988	24	-6	0	50	50	NA
1014	8	500	0	6	-2859	0	50	0	NA
1015	12	742	500	-24	6	0	50	50	700
1016	8	742	0	-6	-2859	0	50	0	NA
1017	12	500	742	24	-6	0	50	50	700
1018	8	500	0	24	-2859	1	50	0	750
1019	12	500	742	24	-6	0	50	50	700
1020	12	500	742	-24	6	0	50	50	800
1021	8	742	0	-24	-2859	1	50	0	750
1022	8	500	0	6	-2859	0	50	0	NA
1023	8	1988	0	24	-2859	0	50	0	NA
1024	8	1988	0	-6	-2859	0	50	0	NA
1025	12	742	500	-24	6	0	50	50	NA
1026	8	1988	0	-24	-2859	0	50	0	NA
1027	12	742	1988	24	-6	0	50	50	750
1028	12	742	500	24	-6	0	50	50	NA
1029	12	742	500	-24	6	0	50	50	NA
1030	12	742	1988	24	-6	0	50	50	NA
1031	12	500	742	24	-6	0	50	50	700
1032	12	500	742	-24	6	0	50	50	700
1033	12	742	1988	24	-6	0	50	50	NA
1034	8	500	0	6	-2859	0	50	0	NA
1035	12	500	742	24	-6	0	50	50	NA
1036	12	500	742	-24	6	0	50	50	NA
1037	12	742	500	-24	6	0	50	50	NA
1038	12	742	500	-24	6	0	50	50	NA
1039	12	500	742	-24	6	0	50	50	NA
1040	8	500	0	-24	-2859	0	50	0	700
1041	8	500	0	-24	-2859	0	50	0	NA
1042	12	1988	742	24	-6	0	50	50	700
1043	12	500	742	24	-6	0	50	50	800
1044	12	742	1988	24	-6	0	50	50	NA
1045	8	742	0	-24	-2859	0	50	0	NA
1046	12	1988	742	24	-6	0	50	50	NA
1047	8	500	0	-6	-2859	0	50	0	NA
1048	8	742	0	-6	-2859	0	50	0	NA
1049	12	742	500	-24	6	0	50	50	NA
