1	8	742	0	-6	-2859	1	50	0	600
2	12	609	742	-24	6	0	65	65	NA
3	12	742	500	24	-6	1	65	65	700
4	12	903	742	24	-6	1	65	65	800
5	12	500	742	24	-6	1	65	65	800
6	12	903	742	24	-6	1	65	65	600
7	12	742	609	24	-6	1	65	65	700
8	12	500	742	24	-6	1	65	65	700
9	12	903	742	24	-6	0	65	65	700
10	12	903	742	24	-6	0	65	65	NA
11	8	500	0	-6	-2859	1	50	0	600
12	12	742	609	-24	6	0	65	65	800
13	8	1100	0	-24	-2859	1	50	0	700
14	12	903	742	24	-6	1	65	65	700
15	12	742	609	-24	6	1	65	65	600
16	8	742	0	-6	-2859	1	50	0	800
17	12	1100	742	24	-6	1	65	65	600
18	12	742	903	24	-6	1	65	65	700
19	12	742	903	-24	6	1	65	65	600
20	12	742	903	-24	6	0	65	65	600
21	8	1100	0	24	-2859	1	50	0	700
22	8	742	0	24	-2859	1	50	0	700
23	12	742	500	-24	6	1	65	65	800
24	8	1100	0	6	-2859	1	50	0	700
25	8	500	0	24	-2859	1	50	0	700
26	12	742	1100	24	-6	1	65	65	800
27	12	742	1100	-24	6	1	65	65	600
28	8	500	0	-24	-2859	1	50	0	700
29	8	1100	0	6	-2859	1	50	0	700
30	12	903	742	-24	6	0	65	65	750
31	8	1100	0	-24	-2859	1	50	0	800
32	12	903	742	-24	6	1	65	65	700
33	12	500	742	-24	6	1	65	65	800
34	8	742	0	24	-2859	1	50	0	750
35	8	1100	0	6	-2859	0	50	0	700
36	12	903	742	24	-6	0	65	65	NA
37	12	500	742	24	-6	1	65	65	800
38	12	500	742	24	-6	1	65	65	750
39	8	742	0	6	-2859	1	50	0	800
40	12	742	500	-24	6	1	65	65	750
41	8	1100	0	6	-2859	0	50	0	800
42	12	742	500	-24	6	1	65	65	700
43	12	742	1100	-24	6	1	65	65	700
44	12	742	903	-24	6	1	65	65	800
45	8	500	0	6	-2859	0	50	0	NA
46	8	742	0	24	-2859	1	50	0	750
47	8	500	0	24	-2859	1	50	0	800
48	12	742	609	24	-6	0	65	65	NA
49	8	500	0	24	-2859	1	50	0	800
50	12	609	742	24	-6	1	65	65	750
51	12	903	742	-24	6	0	65	65	NA
52	8	742	0	24	-2859	0	50	0	NA
53	12	903	742	24	-6	1	65	65	800
54	8	742	0	24	-2859	1	50	0	700
55	12	742	1100	24	-6	1	65	65	700
56	12	742	903	-24	6	0	65	65	750
57	8	1100	0	6	-2859	1	50	0	750
58	8	500	0	-6	-2859	1	50	0	800
59	8	742	0	-6	-2859	1	50	0	700
60	12	742	500	-24	6	0	65	65	NA
61	12	903	742	-24	6	1	65	65	700
62	8	742	0	24	-2859	1	50	0	700
63	12	742	903	24	-6	1	65	65	800
64	8	500	0	-6	-2859	1	50	0	800
65	12	1100	742	-24	6	1	65	65	750
66	8	1100	0	-6	-2859	1	50	0	700
67	12	500	742	-24	6	1	65	65	800
68	12	742	609	24	-6	1	65	65	750
69	12	1100	742	-24	6	1	65	65	700
70	12	742	500	24	-6	1	65	65	700
71	12	742	1100	-24	6	1	65	65	800
72	12	903	742	24	-6	1	65	65	700
73	12	903	742	24	-6	1	65	65	800
74	12	500	742	24	-6	1	65	65	750
75	8	1100	0	6	-2859	1	50	0	700
76	8	500	0	6	-2859	0	50	0	800
77	8	1100	0	24	-2859	1	50	0	700
78	8	1100	0	6	-2859	1	50	0	800
79	12	500	742	24	-6	1	65	65	800
80	12	742	903	24	-6	1	65	65	750
81	8	500	0	-24	-2859	1	50	0	700
82	12	1100	742	-24	6	0	65	65	800
83	12	742	500	-24	6	0	65	65	750
84	12	742	500	-24	6	0	65	65	800
85	12	742	903	-24	6	1	65	65	800
86	12	742	1100	24	-6	1	65	65	750
87	8	1100	0	-24	-2859	1	50	0	700
88	12	742	609	24	-6	1	65	65	800
89	8	1100	0	-24	-2859	1	50	0	800
90	12	742	903	-24	6	0	65	65	700
91	12	1100	742	-24	6	0	65	65	750
92	12	742	500	24	-6	1	65	65	700
93	12	742	1100	24	-6	1	65	65	800
94	8	742	0	24	-2859	1	50	0	800
95	12	903	742	-24	6	1	65	65	750
96	12	742	903	-24	6	0	65	65	700
97	8	500	0	24	-2859	1	50	0	700
98	8	742	0	6	-2859	0	50	0	800
99	12	742	609	-24	6	0	65	65	700
100	12	903	742	-24	6	1	65	65	750
101	8	742	0	-24	-2859	1	50	0	800
102	12	609	742	-24	6	0	65	65	NA
103	12	742	1100	24	-6	1	65	65	700
104	8	500	0	-24	-2859	0	50	0	NA
105	8	742	0	-24	-2859	1	50	0	800
106	8	742	0	24	-2859	1	50	0	700
107	8	1100	0	6	-2859	1	50	0	700
108	8	500	0	6	-2859	0	50	0	NA
109	8	1100	0	24	-2859	1	50	0	800
110	12	1100	742	-24	6	1	65	65	800
111	8	500	0	6	-2859	0	50	0	700
112	8	1100	0	6	-2859	0	50	0	700
113	12	742	1100	-24	6	0	65	65	NA
114	12	742	1100	-24	6	1	65	65	750
115	12	903	742	24	-6	1	65	65	800
116	12	500	742	24	-6	1	65	65	700
117	8	500	0	6	-2859	0	50	0	800
118	8	742	0	6	-2859	0	50	0	700
119	8	742	0	-24	-2859	1	50	0	700
120	12	742	609	-24	6	0	65	65	800
121	12	742	1100	24	-6	1	65	65	750
122	12	609	742	24	-6	1	65	65	800
123	8	500	0	24	-2859	1	50	0	700
124	12	742	1100	24	-6	0	65	65	NA
125	8	500	0	-24	-2859	1	50	0	750
126	8	1100	0	6	-2859	0	50	0	700
127	12	742	1100	-24	6	0	65	65	800
128	8	742	0	-6	-2859	1	50	0	700
129	8	500	0	24	-2859	1	50	0	800
130	8	1100	0	6	-2859	1	50	0	700
131	8	1100	0	6	-2859	0	50	0	750
132	8	500	0	6	-2859	0	50	0	700
133	8	742	0	-24	-2859	1	50	0	800
134	8	742	0	-6	-2859	1	50	0	800
135	12	609	742	24	-6	0	65	65	NA
136	12	903	742	24	-6	1	65	65	750
137	8	742	0	-24	-2859	0	50	0	NA
138	12	742	1100	-24	6	0	65	65	700
139	8	742	0	-6	-2859	1	50	0	700
140	12	903	742	-24	6	1	65	65	800
141	12	609	742	24	-6	1	65	65	800
142	12	742	609	24	-6	1	65	65	700
143	8	1100	0	-6	-2859	1	50	0	750
144	8	500	0	6	-2859	1	50	0	700
145	8	742	0	-24	-2859	1	50	0	700
146	12	609	742	24	-6	1	65	65	800
147	8	742	0	6	-2859	0	50	0	700
148	8	500	0	24	-2859	1	50	0	750
149	8	1100	0	-24	-2859	1	50	0	800
150	12	742	500	24	-6	0	65	65	NA
151	12	742	903	-24	6	1	65	65	800
152	8	1100	0	6	-2859	1	50	0	700
153	8	500	0	-24	-2859	1	50	0	700
154	12	742	500	24	-6	1	65	65	700
155	12	742	1100	24	-6	1	65	65	750
156	12	742	500	-24	6	0	65	65	700
157	8	742	0	6	-2859	0	50	0	800
158	8	742	0	6	-2859	0	50	0	NA
159	8	500	0	-6	-2859	1	50	0	800
160	12	1100	742	24	-6	0	65	65	800
161	8	500	0	-6	-2859	0	50	0	NA
162	8	1100	0	6	-2859	0	50	0	NA
163	12	500	742	-24	6	0	65	65	NA
164	8	742	0	-6	-2859	0	50	0	NA
165	12	742	609	-24	6	0	65	65	NA
166	12	742	500	-24	6	1	65	65	800
167	12	742	500	24	-6	0	65	65	NA
168	12	742	903	24	-6	1	65	65	800
169	8	1100	0	6	-2859	0	50	0	700
170	8	500	0	-24	-2859	0	50	0	NA
171	8	1100	0	-6	-2859	0	50	0	NA
172	8	742	0	6	-2859	0	50	0	NA
173	8	742	0	24	-2859	0	50	0	NA
174	8	742	0	-24	-2859	0	50	0	NA
175	12	1100	742	-24	6	0	65	65	NA
176	8	500	0	-24	-2859	0	50	0	NA
177	8	742	0	6	-2859	0	50	0	NA
178	12	742	1100	24	-6	0	65	65	NA
179	12	1100	742	24	-6	0	65	65	NA
180	8	500	0	24	-2859	0	50	0	NA
181	12	500	742	24	-6	0	65	65	NA
182	12	742	903	-24	6	0	65	65	NA
183	12	1100	742	-24	6	0	65	65	NA
184	8	742	0	-6	-2859	0	50	0	NA
185	8	1100	0	6	-2859	0	50	0	NA
186	8	1100	0	24	-2859	0	50	0	NA
187	12	609	742	-24	6	0	65	65	NA
188	12	903	742	-24	6	0	65	65	NA
189	12	742	609	24	-6	0	65	65	NA
190	12	500	742	24	-6	0	65	65	NA
191	12	903	742	-24	6	0	65	65	NA
192	8	500	0	-6	-2859	0	50	0	NA
193	12	500	742	24	-6	0	65	65	NA
194	8	1100	0	6	-2859	0	50	0	NA
195	8	742	0	24	-2859	0	50	0	NA
196	12	609	742	24	-6	0	65	65	NA
197	12	903	742	24	-6	0	65	65	NA
198	8	742	0	24	-2859	0	50	0	NA
199	12	742	500	-24	6	0	65	65	NA
200	12	500	742	24	-6	0	65	65	NA
201	8	742	0	-24	-2859	0	50	0	NA
202	8	500	0	-6	-2859	0	50	0	NA
203	8	1100	0	-6	-2859	1	50	0	800
204	8	500	0	24	-2859	1	50	0	750
205	12	742	1100	-24	6	0	65	65	700
206	12	742	500	24	-6	0	65	65	NA
207	8	1100	0	24	-2859	0	50	0	NA
208	12	742	1100	24	-6	1	65	65	750
209	8	500	0	-6	-2859	0	50	0	NA
210	12	609	742	24	-6	1	65	65	800
211	8	1100	0	-6	-2859	0	50	0	NA
212	12	609	742	-24	6	0	65	65	NA
213	12	742	1100	-24	6	0	65	65	NA
214	8	742	0	24	-2859	0	50	0	NA
215	8	1100	0	6	-2859	0	50	0	NA
216	8	1100	0	24	-2859	0	50	0	NA
217	8	1100	0	-24	-2859	0	50	0	NA
218	8	500	0	-24	-2859	0	50	0	NA
219	8	742	0	-6	-2859	1	50	0	700
220	8	1100	0	-24	-2859	0	50	0	NA
221	12	609	742	-24	6	0	65	65	NA
222	8	742	0	6	-2859	1	50	0	700
223	8	500	0	-6	-2859	1	50	0	700
224	8	500	0	-6	-2859	0	50	0	800
225	8	742	0	6	-2859	1	50	0	800
226	12	742	903	-24	6	0	65	65	750
227	8	1100	0	24	-2859	0	50	0	700
228	12	903	742	24	-6	1	65	65	800
229	12	903	742	-24	6	0	65	65	NA
230	8	1100	0	-24	-2859	1	50	0	800
231	8	1100	0	6	-2859	0	50	0	800
232	12	742	500	-24	6	0	65	65	700
233	12	1100	742	24	-6	1	65	65	700
234	8	500	0	-6	-2859	0	50	0	NA
235	12	742	500	-24	6	1	65	65	800
236	8	742	0	24	-2859	1	50	0	750
237	12	500	742	-24	6	1	65	65	700
238	8	1100	0	-24	-2859	1	50	0	800
239	12	742	903	-24	6	0	65	65	NA
240	12	609	742	-24	6	0	65	65	750
241	12	742	500	24	-6	1	65	65	800
242	12	742	903	24	-6	1	65	65	700
243	12	742	1100	24	-6	1	65	65	750
244	8	742	0	-6	-2859	1	50	0	700
245	12	609	742	-24	6	0	65	65	NA
246	8	500	0	24	-2859	1	50	0	750
247	8	500	0	-24	-2859	0	50	0	NA
248	8	742	0	-6	-2859	0	50	0	NA
249	12	742	903	24	-6	1	65	65	700
250	8	742	0	-24	-2859	1	50	0	700
251	12	609	742	-24	6	0	65	65	800
252	8	742	0	-6	-2859	1	50	0	750
253	8	742	0	-24	-2859	1	50	0	700
254	12	500	742	-24	6	0	65	65	NA
255	8	1100	0	-6	-2859	1	50	0	700
256	12	742	1100	24	-6	1	65	65	700
257	12	609	742	24	-6	1	65	65	750
258	8	1100	0	6	-2859	0	50	0	NA
259	8	742	0	-24	-2859	1	50	0	750
260	8	500	0	6	-2859	0	50	0	800
261	8	500	0	-24	-2859	1	50	0	700
262	12	1100	742	-24	6	0	65	65	NA
263	8	500	0	6	-2859	0	50	0	750
264	8	1100	0	6	-2859	0	50	0	800
265	8	500	0	-24	-2859	1	50	0	700
266	8	500	0	-24	-2859	1	50	0	700
267	12	1100	742	-24	6	1	65	65	700
268	12	742	500	24	-6	1	65	65	800
269	8	1100	0	6	-2859	0	50	0	800
270	8	742	0	6	-2859	0	50	0	800
271	12	903	742	24	-6	1	65	65	700
272	12	742	609	24	-6	1	65	65	750
273	8	500	0	6	-2859	0	50	0	800
274	12	742	609	24	-6	1	65	65	700
275	8	1100	0	-6	-2859	1	50	0	800
276	12	742	903	24	-6	1	65	65	700
277	8	500	0	-6	-2859	0	50	0	800
278	12	742	1100	-24	6	0	65	65	750
279	12	903	742	24	-6	1	65	65	700
280	12	742	609	24	-6	1	65	65	700
281	12	742	500	24	-6	1	65	65	800
282	12	742	903	-24	6	0	65	65	750
283	8	742	0	6	-2859	0	50	0	NA
284	12	742	1100	24	-6	0	65	65	NA
285	8	742	0	24	-2859	0	50	0	NA
286	12	609	742	24	-6	1	65	65	700
287	12	742	1100	-24	6	0	65	65	NA
288	12	903	742	-24	6	0	65	65	800
289	8	1100	0	-6	-2859	1	50	0	700
290	12	742	1100	-24	6	1	65	65	800
291	12	742	1100	24	-6	1	65	65	800
292	12	742	500	24	-6	1	65	65	700
293	12	742	500	-24	6	1	65	65	800
294	12	742	609	-24	6	1	65	65	700
295	8	500	0	6	-2859	1	50	0	700
296	12	742	500	-24	6	1	65	65	750
297	8	500	0	-6	-2859	1	50	0	700
298	12	1100	742	-24	6	0	65	65	NA
299	12	742	500	-24	6	0	65	65	NA
300	12	742	903	24	-6	1	65	65	700
301	12	742	609	24	-6	1	65	65	800
302	8	742	0	-6	-2859	0	50	0	700
303	8	500	0	24	-2859	1	50	0	700
304	12	500	742	24	-6	0	65	65	800
305	8	742	0	24	-2859	1	50	0	800
306	12	742	609	24	-6	1	65	65	750
307	8	742	0	6	-2859	0	50	0	750
308	12	742	609	-24	6	1	65	65	800
309	8	1100	0	6	-2859	0	50	0	800
310	12	742	609	24	-6	1	65	65	700
311	8	500	0	24	-2859	1	50	0	700
312	12	1100	742	24	-6	1	65	65	700
313	8	1100	0	24	-2859	1	50	0	800
314	12	742	1100	24	-6	1	65	65	750
315	8	1100	0	6	-2859	0	50	0	800
316	12	742	609	-24	6	0	65	65	700
317	8	500	0	-6	-2859	0	50	0	800
318	12	742	1100	24	-6	0	65	65	NA
319	12	609	742	-24	6	0	65	65	NA
320	8	500	0	-6	-2859	1	50	0	700
321	8	500	0	24	-2859	1	50	0	750
322	12	742	609	24	-6	1	65	65	800
323	8	500	0	6	-2859	0	50	0	750
324	12	1100	742	-24	6	0	65	65	NA
325	12	609	742	-24	6	1	65	65	800
326	8	742	0	-6	-2859	1	50	0	700
327	8	1100	0	24	-2859	1	50	0	750
328	8	742	0	24	-2859	1	50	0	800
329	8	742	0	6	-2859	0	50	0	700
330	12	609	742	-24	6	0	65	65	NA
331	12	742	500	-24	6	1	65	65	800
332	8	1100	0	6	-2859	0	50	0	700
333	12	742	500	-24	6	1	65	65	800
334	8	1100	0	-6	-2859	1	50	0	750
335	12	742	1100	24	-6	1	65	65	700
336	8	500	0	-24	-2859	1	50	0	700
337	12	742	609	-24	6	0	65	65	NA
338	8	500	0	-24	-2859	1	50	0	800
339	12	742	903	24	-6	1	65	65	800
340	12	742	903	24	-6	1	65	65	750
341	12	1100	742	-24	6	1	65	65	700
342	12	903	742	-24	6	0	65	65	NA
343	8	1100	0	-6	-2859	0	50	0	NA
344	8	742	0	-24	-2859	0	50	0	NA
345	8	500	0	-24	-2859	0	50	0	NA
346	12	742	500	24	-6	0	65	65	NA
347	8	1100	0	6	-2859	0	50	0	NA
348	8	500	0	24	-2859	1	50	0	700
349	12	609	742	24	-6	1	65	65	800
350	12	742	1100	24	-6	1	65	65	750
351	8	742	0	-6	-2859	0	50	0	800
352	8	742	0	-24	-2859	0	50	0	NA
353	12	742	609	-24	6	0	65	65	NA
354	12	609	742	-24	6	0	65	65	NA
355	8	1100	0	-6	-2859	0	50	0	NA
356	8	1100	0	-6	-2859	1	50	0	700
357	12	1100	742	24	-6	1	65	65	800
358	12	742	609	24	-6	1	65	65	800
359	12	1100	742	-24	6	0	65	65	700
360	12	500	742	24	-6	0	65	65	700
361	12	903	742	-24	6	0	65	65	NA
362	12	742	500	-24	6	1	65	65	750
363	12	742	1100	-24	6	0	65	65	700
364	8	1100	0	6	-2859	0	50	0	800
365	12	742	609	-24	6	1	65	65	700
366	8	1100	0	-6	-2859	0	50	0	NA
367	12	742	1100	24	-6	1	65	65	750
368	12	903	742	-24	6	0	65	65	NA
369	12	742	500	-24	6	0	65	65	700
370	12	609	742	-24	6	1	65	65	750
371	12	742	1100	24	-6	0	65	65	800
372	8	1100	0	-6	-2859	1	50	0	700
373	8	742	0	6	-2859	0	50	0	700
374	8	500	0	24	-2859	1	50	0	800
375	8	500	0	-6	-2859	1	50	0	800
376	8	742	0	6	-2859	0	50	0	800
377	8	742	0	-6	-2859	0	50	0	700
378	12	500	742	24	-6	0	65	65	NA
379	12	742	500	-24	6	0	65	65	NA
380	12	742	609	-24	6	0	65	65	NA
381	8	500	0	-24	-2859	0	50	0	NA
382	8	500	0	-24	-2859	1	50	0	750
383	8	500	0	-6	-2859	1	50	0	800
384	8	742	0	6	-2859	0	50	0	NA
385	12	500	742	24	-6	0	65	65	NA
386	8	500	0	-6	-2859	0	50	0	700
387	12	1100	742	24	-6	1	65	65	750
388	8	742	0	-24	-2859	1	50	0	800
389	12	742	609	-24	6	0	65	65	NA
390	8	742	0	6	-2859	0	50	0	700
391	8	1100	0	24	-2859	1	50	0	700
392	12	742	500	-24	6	0	65	65	800
393	12	903	742	24	-6	1	65	65	800
394	12	742	609	-24	6	0	65	65	750
395	12	609	742	-24	6	1	65	65	700
396	8	500	0	-24	-2859	0	50	0	NA
397	12	742	1100	-24	6	0	65	65	NA
398	12	742	1100	24	-6	1	65	65	800
399	8	1100	0	24	-2859	0	50	0	NA
400	12	742	500	24	-6	0	65	65	NA
401	12	1100	742	-24	6	0	65	65	NA
402	12	742	609	24	-6	0	65	65	NA
403	8	1100	0	6	-2859	0	50	0	700
404	8	742	0	6	-2859	0	50	0	750
405	12	742	903	24	-6	0	65	65	NA
406	8	742	0	-24	-2859	0	50	0	800
407	12	742	903	-24	6	0	65	65	700
408	12	903	742	24	-6	1	65	65	800
409	12	903	742	-24	6	0	65	65	750
410	8	500	0	-24	-2859	0	50	0	NA
411	8	500	0	-6	-2859	0	50	0	800
412	12	609	742	24	-6	0	65	65	800
413	8	1100	0	6	-2859	1	50	0	700
414	12	1100	742	-24	6	0	65	65	700
415	12	500	742	-24	6	0	65	65	750
416	12	1100	742	-24	6	0	65	65	NA
417	8	742	0	-6	-2859	1	50	0	700
418	8	1100	0	24	-2859	0	50	0	NA
419	12	1100	742	-24	6	0	65	65	NA
420	12	742	903	-24	6	0	65	65	NA
421	8	500	0	-6	-2859	1	50	0	700
422	12	903	742	-24	6	0	65	65	NA
423	8	1100	0	-24	-2859	0	50	0	NA
424	8	742	0	6	-2859	0	50	0	NA
425	8	742	0	-24	-2859	0	50	0	NA
426	8	742	0	24	-2859	1	50	0	700
427	12	903	742	24	-6	1	65	65	800
428	12	500	742	24	-6	0	65	65	NA
429	8	1100	0	6	-2859	0	50	0	750
430	8	500	0	-6	-2859	1	50	0	800
431	12	609	742	24	-6	0	65	65	NA
432	8	742	0	-6	-2859	0	50	0	NA
433	12	742	609	24	-6	0	65	65	NA
434	8	500	0	-24	-2859	0	50	0	NA
435	8	500	0	24	-2859	0	50	0	NA
436	12	742	609	-24	6	1	65	65	800
437	12	742	903	-24	6	1	65	65	800
438	8	742	0	-6	-2859	1	50	0	750
439	8	1100	0	6	-2859	0	50	0	700
440	8	1100	0	24	-2859	0	50	0	NA
441	8	742	0	24	-2859	1	50	0	800
442	12	1100	742	-24	6	0	65	65	NA
443	12	742	500	24	-6	1	65	65	700
444	8	742	0	24	-2859	1	50	0	800
445	8	742	0	-6	-2859	1	50	0	750
446	8	500	0	24	-2859	1	50	0	700
447	8	1100	0	6	-2859	0	50	0	NA
448	8	742	0	6	-2859	0	50	0	NA
449	8	500	0	24	-2859	1	50	0	800
450	12	742	903	-24	6	0	65	65	NA
451	8	1100	0	-24	-2859	1	50	0	700
452	8	1100	0	-24	-2859	0	50	0	NA
453	8	500	0	24	-2859	1	50	0	750
454	8	500	0	24	-2859	1	50	0	700
455	12	742	609	24	-6	0	65	65	NA
456	8	500	0	6	-2859	0	50	0	NA
457	8	1100	0	-6	-2859	0	50	0	NA
458	12	500	742	-24	6	1	65	65	800
459	8	742	0	-24	-2859	0	50	0	NA
460	12	609	742	24	-6	0	65	65	NA
461	12	742	903	24	-6	1	65	65	750
462	12	742	1100	24	-6	0	65	65	NA
463	12	903	742	-24	6	0	65	65	NA
464	8	500	0	6	-2859	0	50	0	NA
465	8	1100	0	-6	-2859	0	50	0	700
466	12	742	500	24	-6	0	65	65	NA
467	12	742	903	24	-6	0	65	65	NA
468	8	1100	0	24	-2859	0	50	0	NA
469	8	500	0	6	-2859	0	50	0	NA
470	8	742	0	-24	-2859	0	50	0	NA
471	8	742	0	24	-2859	0	50	0	NA
472	12	500	742	24	-6	1	65	65	700
473	12	903	742	24	-6	0	65	65	NA
474	12	742	903	24	-6	0	65	65	NA
475	8	742	0	6	-2859	0	50	0	NA
476	8	742	0	24	-2859	0	50	0	NA
477	8	742	0	-6	-2859	0	50	0	NA
478	12	742	500	-24	6	0	65	65	NA
479	8	1100	0	24	-2859	0	50	0	NA
480	8	500	0	-6	-2859	0	50	0	800
481	8	1100	0	-24	-2859	1	50	0	800
482	12	903	742	24	-6	0	65	65	NA
483	12	742	903	24	-6	0	65	65	NA
484	8	500	0	-24	-2859	0	50	0	NA
485	12	742	609	-24	6	0	65	65	NA
486	12	1100	742	24	-6	0	65	65	NA
487	12	742	903	24	-6	0	65	65	NA
488	12	903	742	-24	6	0	65	65	NA
489	8	500	0	-24	-2859	0	50	0	NA
490	12	500	742	-24	6	0	65	65	NA
491	8	1100	0	-6	-2859	0	50	0	NA
492	12	742	1100	-24	6	0	65	65	NA
493	12	903	742	-24	6	0	65	65	NA
494	12	742	500	24	-6	0	65	65	NA
495	8	742	0	6	-2859	0	50	0	NA
496	12	609	742	24	-6	0	65	65	NA
497	8	742	0	-24	-2859	0	50	0	800
498	8	742	0	-6	-2859	0	50	0	NA
499	12	742	903	-24	6	0	65	65	NA
500	12	500	742	-24	6	0	65	65	NA
501	12	903	742	-24	6	0	65	65	NA
502	12	742	500	24	-6	0	65	65	NA
503	8	742	0	24	-2859	0	50	0	NA
504	8	500	0	-6	-2859	0	50	0	NA
505	12	742	1100	-24	6	0	65	65	NA
506	12	742	903	-24	6	0	65	65	NA
507	8	742	0	24	-2859	0	50	0	NA
508	8	1100	0	6	-2859	0	50	0	NA
509	12	903	742	-24	6	0	65	65	NA
510	12	742	1100	-24	6	0	65	65	NA
511	12	742	609	-24	6	0	65	65	NA
512	8	1100	0	-24	-2859	0	50	0	NA
513	8	1100	0	6	-2859	0	50	0	NA
514	8	500	0	-24	-2859	0	50	0	NA
515	8	500	0	-6	-2859	0	50	0	NA
516	8	742	0	-24	-2859	0	50	0	NA
517	12	742	500	-24	6	0	65	65	NA
518	12	1100	742	-24	6	0	65	65	NA
519	12	742	609	-24	6	0	65	65	NA
520	12	609	742	24	-6	1	65	65	700
521	8	742	0	-24	-2859	0	50	0	NA
522	8	1100	0	-24	-2859	0	50	0	NA
523	8	742	0	6	-2859	0	50	0	NA
524	12	500	742	24	-6	0	65	65	NA
525	12	903	742	-24	6	0	65	65	NA
526	12	903	742	-24	6	1	65	65	700
527	12	1100	742	-24	6	0	65	65	NA
528	8	1100	0	-6	-2859	0	50	0	NA
529	12	609	742	24	-6	0	65	65	NA
530	8	500	0	-24	-2859	0	50	0	NA
531	12	742	1100	24	-6	0	65	65	NA
532	8	742	0	24	-2859	0	50	0	NA
533	12	1100	742	-24	6	0	65	65	NA
534	12	903	742	-24	6	0	65	65	NA
535	12	742	609	-24	6	0	65	65	NA
536	8	1100	0	-24	-2859	0	50	0	NA
537	12	903	742	24	-6	1	65	65	750
538	12	742	609	24	-6	0	65	65	NA
539	8	500	0	24	-2859	0	50	0	700
540	8	500	0	-24	-2859	0	50	0	NA
541	12	742	500	-24	6	0	65	65	NA
542	8	500	0	-6	-2859	0	50	0	NA
543	12	742	1100	24	-6	0	65	65	NA
544	8	500	0	6	-2859	0	50	0	700
545	12	1100	742	24	-6	0	65	65	NA
546	12	500	742	24	-6	0	65	65	NA
547	12	742	1100	-24	6	0	65	65	NA
548	12	1100	742	-24	6	0	65	65	NA
549	8	500	0	24	-2859	0	50	0	NA
550	8	500	0	6	-2859	0	50	0	NA
551	8	742	0	-24	-2859	0	50	0	NA
552	8	1100	0	6	-2859	0	50	0	NA
553	8	742	0	24	-2859	0	50	0	NA
554	8	742	0	-24	-2859	0	50	0	NA
555	8	1100	0	24	-2859	0	50	0	NA
556	12	609	742	-24	6	0	65	65	NA
557	12	1100	742	24	-6	0	65	65	NA
558	8	1100	0	-6	-2859	0	50	0	NA
559	8	1100	0	-6	-2859	0	50	0	700
560	8	1100	0	6	-2859	0	50	0	800
561	8	1100	0	24	-2859	0	50	0	NA
562	12	742	1100	24	-6	0	65	65	750
563	8	1100	0	6	-2859	0	50	0	NA
564	12	742	1100	-24	6	0	65	65	NA
565	8	742	0	6	-2859	0	50	0	NA
566	8	742	0	-24	-2859	0	50	0	NA
567	8	742	0	-24	-2859	0	50	0	NA
568	8	500	0	24	-2859	0	50	0	NA
569	12	903	742	24	-6	0	65	65	NA
570	12	903	742	-24	6	0	65	65	NA
571	8	500	0	-6	-2859	0	50	0	NA
572	8	500	0	-24	-2859	1	50	0	750
573	12	742	903	24	-6	1	65	65	800
574	12	500	742	-24	6	0	65	65	700
575	12	1100	742	24	-6	0	65	65	NA
576	8	742	0	24	-2859	0	50	0	NA
577	12	742	1100	24	-6	0	65	65	NA
578	8	742	0	-24	-2859	1	50	0	800
579	8	1100	0	6	-2859	0	50	0	NA
580	12	500	742	24	-6	1	65	65	750
581	12	742	1100	24	-6	1	65	65	700
582	12	742	903	24	-6	1	65	65	700
583	12	742	609	24	-6	0	65	65	NA
584	8	742	0	24	-2859	0	50	0	NA
585	12	742	500	-24	6	0	65	65	NA
586	8	742	0	6	-2859	0	50	0	750
587	12	1100	742	-24	6	1	65	65	800
588	8	1100	0	24	-2859	1	50	0	700
589	8	1100	0	6	-2859	0	50	0	800
590	8	500	0	6	-2859	0	50	0	700
591	12	742	500	-24	6	0	65	65	700
592	12	742	903	-24	6	0	65	65	750
593	12	742	1100	24	-6	1	65	65	800
594	8	500	0	24	-2859	1	50	0	800
595	12	903	742	24	-6	1	65	65	700
596	8	500	0	6	-2859	1	50	0	800
597	8	500	0	-6	-2859	0	50	0	NA
598	12	609	742	-24	6	1	65	65	800
599	12	1100	742	-24	6	0	65	65	NA
600	12	609	742	-24	6	0	65	65	700
601	12	903	742	24	-6	1	65	65	700
602	12	1100	742	-24	6	0	65	65	800
603	12	609	742	24	-6	1	65	65	800
604	12	903	742	24	-6	1	65	65	700
605	8	500	0	24	-2859	1	50	0	800
606	12	1100	742	-24	6	1	65	65	750
607	12	609	742	-24	6	1	65	65	700
608	8	1100	0	-6	-2859	1	50	0	800
609	12	500	742	24	-6	1	65	65	750
610	8	1100	0	24	-2859	0	50	0	NA
611	8	500	0	6	-2859	1	50	0	700
612	8	742	0	6	-2859	0	50	0	700
613	8	500	0	-6	-2859	0	50	0	NA
614	8	742	0	-6	-2859	0	50	0	NA
615	12	609	742	24	-6	1	65	65	750
616	12	1100	742	24	-6	1	65	65	700
617	12	500	742	-24	6	0	65	65	800
618	12	500	742	24	-6	1	65	65	700
619	8	1100	0	24	-2859	0	50	0	NA
620	12	903	742	24	-6	0	65	65	NA
621	12	742	1100	24	-6	1	65	65	800
622	12	500	742	24	-6	1	65	65	700
623	8	742	0	-6	-2859	1	50	0	750
624	12	1100	742	24	-6	1	65	65	800
625	12	1100	742	24	-6	0	65	65	NA
626	12	742	609	24	-6	0	65	65	NA
627	8	1100	0	-24	-2859	0	50	0	NA
628	12	742	903	24	-6	1	65	65	700
629	12	742	500	24	-6	0	65	65	NA
630	8	1100	0	24	-2859	0	50	0	NA
631	12	742	500	-24	6	0	65	65	NA
632	8	1100	0	24	-2859	0	50	0	NA
633	8	1100	0	24	-2859	1	50	0	750
634	12	1100	742	24	-6	0	65	65	NA
635	8	742	0	-6	-2859	0	50	0	700
636	8	742	0	-24	-2859	1	50	0	750
637	12	742	609	24	-6	1	65	65	800
638	12	500	742	-24	6	1	65	65	800
639	8	742	0	24	-2859	1	50	0	700
640	12	742	609	-24	6	0	65	65	NA
641	8	500	0	-24	-2859	1	50	0	800
642	12	742	500	-24	6	1	65	65	750
643	12	742	903	24	-6	0	65	65	NA
644	8	500	0	24	-2859	1	50	0	700
645	12	1100	742	24	-6	0	65	65	NA
646	12	742	903	24	-6	1	65	65	800
647	12	742	500	-24	6	0	65	65	800
648	12	1100	742	-24	6	0	65	65	750
649	12	903	742	-24	6	0	65	65	800
650	12	903	742	24	-6	0	65	65	NA
651	12	742	1100	-24	6	0	65	65	700
652	8	500	0	6	-2859	0	50	0	800
653	12	742	609	24	-6	1	65	65	800
654	8	500	0	24	-2859	1	50	0	700
655	12	903	742	-24	6	0	65	65	700
656	8	500	0	6	-2859	0	50	0	750
657	12	500	742	-24	6	1	65	65	700
658	12	742	1100	24	-6	0	65	65	700
659	12	609	742	24	-6	1	65	65	800
660	8	500	0	-6	-2859	0	50	0	NA
661	12	1100	742	-24	6	0	65	65	NA
662	12	742	903	-24	6	1	65	65	700
663	12	742	903	24	-6	1	65	65	700
664	12	609	742	24	-6	0	65	65	NA
665	12	742	609	24	-6	0	65	65	NA
666	8	1100	0	24	-2859	0	50	0	NA
667	12	609	742	24	-6	0	65	65	NA
668	12	500	742	24	-6	0	65	65	NA
669	12	903	742	-24	6	0	65	65	NA
670	12	742	903	24	-6	0	65	65	NA
671	12	1100	742	-24	6	1	65	65	700
672	12	742	903	24	-6	0	65	65	NA
673	12	742	609	24	-6	1	65	65	800
674	12	903	742	24	-6	1	65	65	700
675	12	742	500	-24	6	0	65	65	NA
676	12	742	609	24	-6	1	65	65	700
677	8	500	0	6	-2859	0	50	0	NA
678	12	609	742	-24	6	0	65	65	750
679	8	742	0	-24	-2859	1	50	0	700
680	8	742	0	6	-2859	1	50	0	750
681	8	1100	0	6	-2859	0	50	0	800
682	12	1100	742	-24	6	0	65	65	NA
683	12	1100	742	24	-6	1	65	65	700
684	8	742	0	6	-2859	1	50	0	700
685	12	1100	742	24	-6	0	65	65	NA
686	8	1100	0	-6	-2859	0	50	0	NA
687	12	742	1100	24	-6	1	65	65	800
688	12	1100	742	24	-6	1	65	65	700
689	12	903	742	-24	6	0	65	65	NA
690	12	742	1100	24	-6	0	65	65	NA
691	12	903	742	24	-6	0	65	65	NA
692	8	1100	0	-24	-2859	1	50	0	800
693	12	742	903	-24	6	0	65	65	NA
694	12	742	903	24	-6	0	65	65	800
695	12	609	742	24	-6	0	65	65	700
696	12	903	742	24	-6	1	65	65	700
697	8	1100	0	24	-2859	0	50	0	NA
698	12	742	609	24	-6	0	65	65	NA
699	12	742	903	24	-6	1	65	65	700
700	8	742	0	-6	-2859	0	50	0	NA
701	8	500	0	-6	-2859	0	50	0	NA
702	12	742	609	24	-6	0	65	65	NA
703	12	742	903	-24	6	0	65	65	NA
704	12	742	500	-24	6	0	65	65	NA
705	12	500	742	-24	6	0	65	65	700
706	12	1100	742	-24	6	0	65	65	NA
707	8	500	0	-24	-2859	0	50	0	NA
708	12	1100	742	-24	6	0	65	65	NA
709	8	500	0	6	-2859	0	50	0	NA
710	12	742	903	24	-6	0	65	65	NA
711	12	742	500	-24	6	0	65	65	700
712	8	1100	0	-6	-2859	0	50	0	NA
713	8	1100	0	-24	-2859	1	50	0	700
714	8	742	0	6	-2859	0	50	0	NA
715	8	742	0	-6	-2859	0	50	0	NA
716	12	742	1100	24	-6	0	65	65	NA
717	12	500	742	24	-6	1	65	65	750
718	12	1100	742	-24	6	0	65	65	NA
719	12	742	609	-24	6	0	65	65	700
720	12	1100	742	-24	6	1	65	65	800
721	12	742	500	24	-6	1	65	65	750
722	8	500	0	24	-2859	0	50	0	NA
723	12	500	742	-24	6	0	65	65	NA
724	8	500	0	6	-2859	0	50	0	NA
725	12	742	1100	24	-6	1	65	65	750
726	8	1100	0	-6	-2859	0	50	0	NA
727	8	1100	0	6	-2859	1	50	0	700
728	8	500	0	6	-2859	0	50	0	700
729	12	742	609	24	-6	0	65	65	NA
730	12	500	742	-24	6	0	65	65	NA
731	12	609	742	-24	6	0	65	65	NA
732	12	609	742	24	-6	0	65	65	NA
733	12	742	500	24	-6	0	65	65	NA
734	8	742	0	6	-2859	0	50	0	NA
735	8	742	0	6	-2859	0	50	0	NA
736	8	1100	0	-6	-2859	0	50	0	NA
737	8	742	0	24	-2859	0	50	0	NA
738	8	500	0	-24	-2859	0	50	0	NA
739	8	500	0	-24	-2859	0	50	0	NA
740	12	500	742	24	-6	0	65	65	800
741	8	500	0	6	-2859	0	50	0	NA
742	8	500	0	24	-2859	0	50	0	700
743	8	742	0	6	-2859	0	50	0	NA
744	8	500	0	6	-2859	0	50	0	NA
745	12	500	742	24	-6	0	65	65	NA
746	12	742	500	24	-6	0	65	65	NA
747	8	1100	0	-6	-2859	0	50	0	NA
748	12	742	500	-24	6	0	65	65	NA
749	8	1100	0	-24	-2859	0	50	0	NA
750	8	1100	0	24	-2859	0	50	0	NA
751	12	500	742	-24	6	0	65	65	NA
752	12	742	500	24	-6	0	65	65	NA
753	8	742	0	24	-2859	0	50	0	NA
754	12	500	742	-24	6	0	65	65	NA
755	12	742	903	24	-6	0	65	65	NA
756	8	742	0	24	-2859	0	50	0	NA
757	8	1100	0	-6	-2859	0	50	0	NA
758	12	742	1100	24	-6	0	65	65	NA
759	8	1100	0	24	-2859	0	50	0	NA
760	8	1100	0	-24	-2859	0	50	0	NA
761	12	742	903	-24	6	0	65	65	NA
762	12	742	1100	24	-6	0	65	65	NA
763	12	742	609	24	-6	0	65	65	NA
764	8	1100	0	24	-2859	0	50	0	NA
765	8	742	0	-6	-2859	0	50	0	NA
766	12	903	742	-24	6	0	65	65	NA
767	8	742	0	24	-2859	0	50	0	NA
768	12	903	742	-24	6	0	65	65	NA
769	12	742	1100	-24	6	0	65	65	NA
770	8	742	0	-24	-2859	0	50	0	NA
771	8	500	0	6	-2859	0	50	0	NA
772	12	500	742	24	-6	0	65	65	NA
773	8	500	0	-24	-2859	0	50	0	NA
774	12	1100	742	-24	6	0	65	65	NA
775	12	903	742	24	-6	0	65	65	NA
776	12	609	742	-24	6	0	65	65	NA
777	8	500	0	-6	-2859	0	50	0	NA
778	12	609	742	24	-6	0	65	65	NA
779	8	500	0	-6	-2859	0	50	0	NA
780	12	742	1100	-24	6	0	65	65	NA
781	8	500	0	-24	-2859	0	50	0	700
782	8	500	0	6	-2859	0	50	0	NA
783	12	742	1100	-24	6	0	65	65	NA
784	12	742	1100	24	-6	0	65	65	NA
785	8	742	0	-24	-2859	0	50	0	NA
786	12	742	500	-24	6	0	65	65	700
787	12	742	903	24	-6	0	65	65	800
788	8	742	0	24	-2859	0	50	0	NA
789	8	500	0	-24	-2859	0	50	0	NA
790	12	742	903	24	-6	0	65	65	NA
791	8	742	0	-24	-2859	0	50	0	NA
792	8	1100	0	-6	-2859	0	50	0	NA
793	12	742	609	24	-6	1	65	65	700
794	8	1100	0	24	-2859	0	50	0	NA
795	12	742	1100	-24	6	0	65	65	700
796	8	1100	0	-24	-2859	0	50	0	NA
797	8	742	0	6	-2859	0	50	0	NA
798	8	742	0	24	-2859	1	50	0	700
799	8	742	0	6	-2859	0	50	0	750
800	12	609	742	-24	6	1	65	65	800
801	12	1100	742	24	-6	1	65	65	700
802	12	742	500	-24	6	1	65	65	750
803	12	1100	742	-24	6	1	65	65	800
804	12	742	609	24	-6	0	65	65	NA
805	12	742	609	-24	6	0	65	65	NA
806	12	500	742	-24	6	0	65	65	NA
807	12	742	903	24	-6	0	65	65	NA
808	8	1100	0	6	-2859	0	50	0	NA
809	12	1100	742	-24	6	0	65	65	NA
810	8	500	0	24	-2859	1	50	0	700
811	12	742	500	-24	6	0	65	65	NA
812	12	742	903	24	-6	0	65	65	NA
813	8	742	0	6	-2859	0	50	0	NA
814	12	742	609	-24	6	1	65	65	800
815	8	1100	0	-24	-2859	1	50	0	700
816	12	903	742	24	-6	0	65	65	NA
817	12	1100	742	24	-6	0	65	65	NA
818	12	903	742	24	-6	1	65	65	750
819	8	1100	0	-24	-2859	0	50	0	NA
820	12	500	742	24	-6	0	65	65	NA
821	8	500	0	-6	-2859	1	50	0	700
822	12	1100	742	-24	6	0	65	65	700
823	12	1100	742	-24	6	0	65	65	NA
824	8	500	0	-6	-2859	0	50	0	NA
825	8	500	0	-24	-2859	0	50	0	NA
826	12	903	742	24	-6	0	65	65	NA
827	12	742	500	24	-6	1	65	65	750
828	8	500	0	6	-2859	0	50	0	NA
829	8	1100	0	6	-2859	0	50	0	800
830	12	742	500	-24	6	0	65	65	NA
831	12	903	742	-24	6	0	65	65	NA
832	12	742	500	24	-6	0	65	65	NA
833	12	1100	742	-24	6	0	65	65	NA
834	12	742	1100	24	-6	0	65	65	NA
835	12	903	742	-24	6	0	65	65	NA
836	8	1100	0	6	-2859	0	50	0	NA
837	8	500	0	-24	-2859	0	50	0	NA
838	12	742	1100	24	-6	0	65	65	NA
839	8	742	0	24	-2859	0	50	0	NA
840	12	1100	742	24	-6	0	65	65	NA
841	12	609	742	24	-6	0	65	65	NA
842	8	500	0	6	-2859	0	50	0	NA
843	8	742	0	6	-2859	0	50	0	NA
844	12	500	742	24	-6	0	65	65	NA
845	12	903	742	-24	6	0	65	65	NA
846	8	1100	0	24	-2859	0	50	0	NA
847	8	742	0	24	-2859	0	50	0	NA
848	12	742	903	24	-6	0	65	65	NA
849	12	742	609	-24	6	0	65	65	NA
850	8	1100	0	6	-2859	0	50	0	NA
851	12	500	742	24	-6	0	65	65	NA
852	12	742	500	-24	6	0	65	65	NA
853	12	742	1100	24	-6	0	65	65	NA
854	12	742	500	-24	6	0	65	65	NA
855	8	1100	0	-6	-2859	0	50	0	NA
856	8	500	0	24	-2859	0	50	0	NA
857	12	742	609	-24	6	0	65	65	NA
858	12	1100	742	-24	6	0	65	65	NA
859	12	742	500	24	-6	0	65	65	NA
860	12	742	903	-24	6	0	65	65	NA
861	8	742	0	-6	-2859	0	50	0	NA
862	12	500	742	24	-6	0	65	65	NA
863	8	742	0	-24	-2859	0	50	0	NA
864	8	742	0	24	-2859	0	50	0	NA
865	12	742	1100	-24	6	0	65	65	NA
866	12	742	609	-24	6	0	65	65	NA
867	8	1100	0	6	-2859	0	50	0	NA
868	12	903	742	-24	6	0	65	65	NA
869	8	500	0	-24	-2859	0	50	0	NA
870	12	742	1100	-24	6	0	65	65	NA
871	12	742	1100	24	-6	0	65	65	NA
872	12	742	1100	24	-6	0	65	65	NA
873	8	500	0	6	-2859	0	50	0	NA
874	12	609	742	24	-6	0	65	65	NA
875	8	1100	0	6	-2859	0	50	0	NA
876	8	742	0	6	-2859	0	50	0	NA
877	12	609	742	24	-6	0	65	65	NA
878	12	500	742	-24	6	0	65	65	NA
879	8	742	0	-6	-2859	0	50	0	NA
880	12	742	609	-24	6	0	65	65	NA
881	8	742	0	-6	-2859	0	50	0	NA
882	12	609	742	24	-6	0	65	65	NA
883	12	742	500	-24	6	0	65	65	NA
884	12	742	609	24	-6	0	65	65	NA
885	12	742	903	24	-6	0	65	65	NA
886	8	742	0	-6	-2859	0	50	0	NA
887	8	500	0	-24	-2859	0	50	0	NA
888	12	742	1100	24	-6	0	65	65	NA
889	8	500	0	24	-2859	0	50	0	NA
890	8	1100	0	24	-2859	0	50	0	NA
891	8	1100	0	24	-2859	0	50	0	NA
892	8	1100	0	-6	-2859	0	50	0	NA
893	12	500	742	-24	6	0	65	65	NA
894	8	500	0	-6	-2859	0	50	0	NA
895	12	742	500	24	-6	0	65	65	NA
896	12	1100	742	24	-6	0	65	65	NA
897	12	903	742	-24	6	0	65	65	NA
898	12	1100	742	-24	6	0	65	65	NA
899	12	500	742	24	-6	0	65	65	NA
900	8	1100	0	6	-2859	0	50	0	NA
901	12	1100	742	24	-6	0	65	65	NA
902	8	1100	0	-6	-2859	0	50	0	NA
903	12	742	500	24	-6	0	65	65	NA
904	12	742	1100	24	-6	0	65	65	NA
905	8	500	0	6	-2859	0	50	0	NA
906	12	500	742	-24	6	0	65	65	NA
907	12	742	903	24	-6	0	65	65	NA
908	12	742	1100	24	-6	0	65	65	NA
909	12	742	609	-24	6	0	65	65	NA
910	8	1100	0	6	-2859	0	50	0	NA
911	8	500	0	-24	-2859	0	50	0	NA
912	8	500	0	-24	-2859	0	50	0	NA
913	12	903	742	24	-6	0	65	65	NA
914	12	742	500	24	-6	0	65	65	NA
915	12	742	500	24	-6	0	65	65	NA
916	12	742	1100	-24	6	0	65	65	NA
917	12	742	903	24	-6	0	65	65	NA
918	12	1100	742	-24	6	0	65	65	NA
919	12	903	742	-24	6	0	65	65	NA
920	12	742	903	-24	6	0	65	65	NA
921	12	609	742	-24	6	0	65	65	NA
922	8	1100	0	6	-2859	0	50	0	NA
923	8	742	0	-24	-2859	0	50	0	NA
924	12	500	742	24	-6	0	65	65	NA
925	12	742	609	24	-6	0	65	65	NA
926	8	742	0	-6	-2859	0	50	0	NA
927	8	742	0	-24	-2859	0	50	0	NA
928	12	500	742	-24	6	0	65	65	NA
929	8	742	0	24	-2859	0	50	0	NA
930	8	742	0	-6	-2859	0	50	0	NA
931	8	1100	0	-24	-2859	0	50	0	NA
932	12	742	1100	24	-6	0	65	65	NA
933	8	500	0	24	-2859	0	50	0	NA
934	8	742	0	-24	-2859	0	50	0	NA
935	8	500	0	6	-2859	0	50	0	NA
936	12	742	609	24	-6	0	65	65	NA
937	8	500	0	-6	-2859	0	50	0	NA
938	12	609	742	24	-6	0	65	65	NA
939	8	742	0	-6	-2859	0	50	0	NA
940	8	1100	0	-24	-2859	0	50	0	NA
941	12	742	500	24	-6	0	65	65	NA
942	12	609	742	24	-6	0	65	65	NA
943	12	500	742	-24	6	0	65	65	NA
944	12	500	742	24	-6	0	65	65	NA
945	8	1100	0	6	-2859	0	50	0	NA
946	12	1100	742	-24	6	0	65	65	NA
947	12	742	1100	24	-6	0	65	65	NA
948	12	742	609	24	-6	0	65	65	NA
949	8	500	0	-24	-2859	0	50	0	NA
950	8	500	0	24	-2859	0	50	0	NA
951	8	742	0	24	-2859	0	50	0	NA
952	12	500	742	-24	6	0	65	65	NA
953	12	1100	742	24	-6	0	65	65	NA
954	12	742	903	24	-6	0	65	65	NA
955	8	742	0	6	-2859	0	50	0	NA
956	12	609	742	-24	6	0	65	65	NA
957	12	500	742	24	-6	0	65	65	700
958	8	500	0	24	-2859	0	50	0	NA
959	12	742	903	-24	6	0	65	65	NA
960	8	1100	0	6	-2859	0	50	0	NA
961	12	742	1100	-24	6	0	65	65	NA
962	12	742	903	24	-6	0	65	65	NA
963	8	742	0	24	-2859	0	50	0	NA
964	12	500	742	24	-6	0	65	65	NA
965	8	500	0	-6	-2859	0	50	0	NA
966	8	1100	0	-24	-2859	0	50	0	NA
967	8	1100	0	6	-2859	0	50	0	NA
968	12	742	609	-24	6	0	65	65	NA
969	8	1100	0	6	-2859	0	50	0	NA
970	8	1100	0	-24	-2859	0	50	0	NA
971	12	742	500	-24	6	0	65	65	NA
972	8	742	0	-24	-2859	1	50	0	800
973	12	742	1100	24	-6	0	65	65	NA
974	8	500	0	6	-2859	0	50	0	750
975	8	742	0	24	-2859	1	50	0	700
976	8	742	0	24	-2859	1	50	0	800
977	12	742	903	-24	6	0	65	65	NA
978	8	1100	0	24	-2859	1	50	0	750
979	12	903	742	-24	6	1	65	65	800
980	8	500	0	24	-2859	0	50	0	NA
981	12	742	609	-24	6	0	65	65	700
982	8	500	0	-24	-2859	1	50	0	800
983	12	609	742	24	-6	1	65	65	700
984	8	1100	0	-6	-2859	1	50	0	750
985	8	742	0	-6	-2859	1	50	0	800
986	8	742	0	-24	-2859	0	50	0	NA
987	8	500	0	-24	-2859	1	50	0	750
988	12	742	903	-24	6	0	65	65	NA
989	8	742	0	24	-2859	1	50	0	700
990	12	1100	742	-24	6	0	65	65	NA
991	12	903	742	24	-6	1	65	65	800
992	8	500	0	24	-2859	0	50	0	NA
993	12	500	742	-24	6	1	65	65	750
994	8	742	0	24	-2859	0	50	0	NA
995	12	1100	742	-24	6	0	65	65	800
996	12	500	742	24	-6	1	65	65	800
997	8	1100	0	24	-2859	0	50	0	NA
998	8	1100	0	6	-2859	0	50	0	700
999	8	500	0	24	-2859	0	50	0	NA
1000	8	1100	0	-24	-2859	1	50	0	800
1001	8	742	0	-24	-2859	0	50	0	NA
1002	8	742	0	-24	-2859	1	50	0	700
1003	8	742	0	6	-2859	0	50	0	800
1004	12	609	742	24	-6	1	65	65	700
1005	8	742	0	6	-2859	0	50	0	NA
1006	12	742	609	-24	6	0	65	65	NA
1007	12	903	742	24	-6	0	65	65	NA
1008	8	500	0	24	-2859	1	50	0	700
1009	12	742	609	-24	6	0	65	65	NA
1010	12	1100	742	-24	6	0	65	65	NA
1011	12	903	742	24	-6	0	65	65	NA
1012	12	609	742	24	-6	0	65	65	NA
1013	8	500	0	6	-2859	0	50	0	700
1014	12	742	500	-24	6	1	65	65	800
1015	12	742	1100	-24	6	0	65	65	NA
1016	8	1100	0	-6	-2859	0	50	0	NA
1017	12	742	609	24	-6	0	65	65	NA
1018	12	742	903	24	-6	0	65	65	NA
1019	12	742	903	24	-6	1	65	65	800
1020	12	742	903	-24	6	0	65	65	700
1021	12	742	903	-24	6	1	65	65	700
1022	12	903	742	-24	6	0	65	65	NA
1023	12	742	609	24	-6	0	65	65	NA
1024	12	742	500	-24	6	1	65	65	700
1025	8	1100	0	24	-2859	0	50	0	NA
1026	8	1100	0	6	-2859	0	50	0	NA
1027	12	742	609	24	-6	1	65	65	800
1028	12	742	903	24	-6	0	65	65	NA
1029	8	500	0	-24	-2859	0	50	0	NA
1030	8	500	0	-6	-2859	0	50	0	NA
1031	8	500	0	-24	-2859	0	50	0	NA
1032	8	742	0	-6	-2859	0	50	0	NA
1033	8	742	0	24	-2859	1	50	0	700
1034	12	903	742	-24	6	0	65	65	NA
1035	12	500	742	-24	6	0	65	65	NA
1036	12	903	742	-24	6	0	65	65	800
1037	12	609	742	24	-6	0	65	65	700
1038	8	500	0	-6	-2859	0	50	0	NA
1039	8	1100	0	6	-2859	0	50	0	750
1040	12	609	742	-24	6	0	65	65	NA
1041	12	1100	742	-24	6	0	65	65	NA
1042	8	742	0	6	-2859	0	50	0	700
1043	12	742	609	24	-6	1	65	65	750
1044	8	500	0	-24	-2859	0	50	0	NA
1045	12	742	609	-24	6	0	65	65	NA
1046	12	1100	742	-24	6	0	65	65	800
1047	12	742	1100	24	-6	0	65	65	NA
1048	8	1100	0	6	-2859	0	50	0	800
1049	12	1100	742	-24	6	0	65	65	700
1050	8	1100	0	24	-2859	0	50	0	NA
1051	12	742	609	24	-6	0	65	65	NA
1052	12	742	500	24	-6	0	65	65	NA
1053	8	500	0	6	-2859	0	50	0	NA
1054	8	500	0	-6	-2859	1	50	0	700
1055	12	500	742	-24	6	0	65	65	NA
1056	8	742	0	6	-2859	0	50	0	NA
1057	12	742	1100	-24	6	0	65	65	NA
1058	12	742	500	-24	6	0	65	65	NA
1059	8	1100	0	-6	-2859	1	50	0	700
1060	8	742	0	-6	-2859	0	50	0	NA
1061	12	742	903	24	-6	0	65	65	NA
1062	8	1100	0	-24	-2859	1	50	0	800
1063	12	742	609	24	-6	1	65	65	700
1064	12	742	609	24	-6	1	65	65	700
1065	12	742	903	24	-6	1	65	65	800
1066	12	1100	742	-24	6	0	65	65	NA
1067	8	500	0	6	-2859	0	50	0	NA
1068	12	742	609	24	-6	0	65	65	NA
1069	8	742	0	-6	-2859	0	50	0	NA
1070	8	1100	0	-24	-2859	0	50	0	NA
1071	12	903	742	24	-6	1	65	65	700
1072	8	500	0	6	-2859	0	50	0	750
1073	12	742	903	24	-6	1	65	65	800
1074	12	742	1100	24	-6	0	65	65	NA
1075	8	742	0	-6	-2859	0	50	0	NA
1076	12	903	742	-24	6	0	65	65	NA
1077	12	742	609	24	-6	1	65	65	800
1078	8	742	0	-24	-2859	1	50	0	800
1079	8	742	0	24	-2859	1	50	0	750
1080	12	1100	742	24	-6	0	65	65	NA
1081	8	500	0	-6	-2859	1	50	0	800
1082	8	500	0	-24	-2859	0	50	0	NA
1083	8	500	0	6	-2859	0	50	0	750
1084	12	742	1100	24	-6	1	65	65	800
1085	8	1100	0	24	-2859	1	50	0	700
1086	8	742	0	24	-2859	1	50	0	800
1087	12	742	609	24	-6	0	65	65	NA
1088	8	1100	0	6	-2859	0	50	0	NA
1089	8	1100	0	-6	-2859	1	50	0	700
1090	8	500	0	-6	-2859	1	50	0	750
1091	12	742	609	24	-6	1	65	65	700
1092	12	742	609	24	-6	1	65	65	800
1093	12	609	742	-24	6	1	65	65	800
1094	8	500	0	-24	-2859	0	50	0	NA
1095	12	742	1100	-24	6	0	65	65	NA
1096	8	1100	0	6	-2859	0	50	0	NA
1097	12	742	1100	-24	6	0	65	65	NA
1098	12	1100	742	24	-6	1	65	65	700
1099	12	742	500	-24	6	0	65	65	NA
1100	8	742	0	6	-2859	0	50	0	750
1101	8	1100	0	-6	-2859	1	50	0	700
1102	8	1100	0	6	-2859	0	50	0	700
1103	12	609	742	-24	6	0	65	65	800
1104	12	903	742	-24	6	0	65	65	NA
1105	8	500	0	6	-2859	1	50	0	700
1106	8	742	0	6	-2859	0	50	0	750
1107	12	742	903	24	-6	1	65	65	800
1108	8	742	0	-6	-2859	0	50	0	NA
1109	12	742	609	24	-6	1	65	65	750
1110	8	500	0	-24	-2859	0	50	0	NA
1111	8	500	0	-6	-2859	0	50	0	NA
1112	12	742	500	-24	6	0	65	65	NA
1113	8	500	0	6	-2859	0	50	0	NA
1114	12	609	742	-24	6	0	65	65	750
1115	12	742	500	-24	6	0	65	65	800
1116	8	1100	0	24	-2859	0	50	0	NA
1117	8	500	0	-6	-2859	0	50	0	NA
1118	8	500	0	24	-2859	0	50	0	NA
1119	8	1100	0	24	-2859	0	50	0	NA
1120	12	742	500	-24	6	0	65	65	NA
1121	8	1100	0	6	-2859	0	50	0	NA
1122	8	742	0	-24	-2859	0	50	0	NA
1123	8	742	0	-24	-2859	1	50	0	700
1124	8	742	0	-6	-2859	1	50	0	800
1125	8	1100	0	6	-2859	0	50	0	750
1126	8	1100	0	24	-2859	1	50	0	800
1127	12	742	1100	-24	6	0	65	65	NA
1128	8	1100	0	24	-2859	0	50	0	NA
1129	8	1100	0	-6	-2859	0	50	0	NA
1130	8	742	0	6	-2859	0	50	0	NA
1131	8	742	0	6	-2859	0	50	0	NA
1132	12	500	742	24	-6	0	65	65	NA
1133	8	742	0	-6	-2859	0	50	0	750
1134	8	500	0	6	-2859	0	50	0	NA
1135	8	500	0	24	-2859	0	50	0	700
1136	8	500	0	-24	-2859	0	50	0	NA
1137	12	609	742	-24	6	1	65	65	750
1138	12	742	500	-24	6	0	65	65	NA
1139	8	1100	0	-6	-2859	1	50	0	700
1140	8	1100	0	6	-2859	0	50	0	NA
1141	12	742	500	24	-6	0	65	65	NA
1142	12	500	742	24	-6	0	65	65	NA
1143	8	500	0	-24	-2859	0	50	0	NA
1144	12	742	903	24	-6	1	65	65	800
1145	8	742	0	-24	-2859	1	50	0	800
1146	12	742	1100	-24	6	0	65	65	NA
1147	12	742	1100	24	-6	1	65	65	800
1148	12	742	500	24	-6	1	65	65	750
1149	12	742	903	24	-6	0	65	65	NA
1150	12	742	500	-24	6	0	65	65	800
1151	8	500	0	24	-2859	0	50	0	NA
1152	12	742	609	-24	6	0	65	65	NA
1153	12	742	903	-24	6	0	65	65	NA
1154	8	742	0	-24	-2859	0	50	0	NA
1155	12	742	500	-24	6	0	65	65	NA
1156	8	742	0	-6	-2859	0	50	0	NA
1157	12	903	742	24	-6	0	65	65	NA
1158	12	742	1100	24	-6	1	65	65	800
1159	12	742	903	-24	6	0	65	65	NA
1160	12	903	742	24	-6	0	65	65	NA
1161	12	1100	742	24	-6	0	65	65	NA
1162	8	1100	0	-24	-2859	1	50	0	700
1163	12	1100	742	24	-6	1	65	65	800
1164	8	500	0	-24	-2859	0	50	0	NA
1165	12	742	903	-24	6	0	65	65	700
1166	12	500	742	24	-6	0	65	65	NA
1167	12	903	742	-24	6	0	65	65	NA
1168	12	742	609	-24	6	0	65	65	NA
1169	8	1100	0	6	-2859	0	50	0	NA
1170	8	500	0	-6	-2859	0	50	0	700
1171	8	500	0	24	-2859	0	50	0	NA
1172	12	742	500	24	-6	1	65	65	800
1173	12	742	903	-24	6	0	65	65	700
1174	12	742	903	24	-6	0	65	65	NA
1175	8	1100	0	-6	-2859	0	50	0	NA
1176	8	742	0	6	-2859	0	50	0	NA
1177	8	500	0	-24	-2859	0	50	0	NA
1178	8	1100	0	-24	-2859	0	50	0	NA
1179	8	1100	0	6	-2859	0	50	0	NA
1180	8	500	0	24	-2859	0	50	0	NA
1181	8	742	0	-24	-2859	0	50	0	NA
1182	12	742	1100	24	-6	0	65	65	NA
1183	12	500	742	-24	6	0	65	65	800
1184	12	742	500	-24	6	0	65	65	NA
1185	12	742	609	24	-6	1	65	65	800
1186	8	742	0	-6	-2859	0	50	0	NA
1187	12	742	903	24	-6	1	65	65	750
1188	12	742	903	24	-6	1	65	65	800
1189	12	742	1100	-24	6	0	65	65	NA
1190	8	500	0	24	-2859	0	50	0	NA
1191	8	500	0	-6	-2859	0	50	0	NA
1192	12	500	742	-24	6	0	65	65	NA
1193	12	742	1100	-24	6	0	65	65	750
1194	8	1100	0	6	-2859	0	50	0	NA
1195	8	742	0	-24	-2859	0	50	0	NA
1196	8	500	0	-24	-2859	0	50	0	NA
1197	8	1100	0	6	-2859	0	50	0	NA
1198	8	1100	0	-6	-2859	0	50	0	NA
1199	8	500	0	24	-2859	0	50	0	NA
1200	8	742	0	24	-2859	0	50	0	NA
1201	12	1100	742	24	-6	0	65	65	NA
1202	12	742	903	-24	6	0	65	65	NA
1203	8	742	0	24	-2859	0	50	0	700
1204	8	742	0	-6	-2859	0	50	0	800
1205	8	742	0	-24	-2859	0	50	0	NA
1206	12	742	500	-24	6	0	65	65	NA
1207	8	500	0	-6	-2859	0	50	0	NA
1208	8	500	0	6	-2859	0	50	0	NA
1209	8	742	0	-24	-2859	0	50	0	NA
1210	12	742	500	24	-6	0	65	65	750
1211	12	742	609	24	-6	0	65	65	800
1212	8	1100	0	-6	-2859	0	50	0	NA
1213	12	742	500	-24	6	0	65	65	NA
1214	8	1100	0	6	-2859	0	50	0	700
1215	12	500	742	24	-6	1	65	65	700
1216	12	609	742	-24	6	0	65	65	NA
1217	12	742	903	-24	6	0	65	65	750
1218	8	500	0	24	-2859	1	50	0	800
1219	12	500	742	24	-6	1	65	65	700
1220	8	1100	0	24	-2859	1	50	0	800
1221	8	742	0	-6	-2859	0	50	0	NA
1222	12	742	903	24	-6	0	65	65	NA
1223	8	742	0	24	-2859	0	50	0	NA
1224	8	742	0	6	-2859	0	50	0	NA
1225	8	1100	0	-24	-2859	0	50	0	NA
1226	8	500	0	24	-2859	0	50	0	NA
1227	8	742	0	6	-2859	0	50	0	NA
1228	12	742	500	-24	6	0	65	65	NA
1229	12	1100	742	24	-6	0	65	65	NA
1230	12	742	903	24	-6	0	65	65	NA
1231	12	742	500	24	-6	0	65	65	NA
1232	12	742	903	24	-6	0	65	65	NA
1233	12	1100	742	24	-6	0	65	65	NA
1234	12	742	609	24	-6	0	65	65	NA
1235	8	500	0	-6	-2859	0	50	0	NA
1236	12	500	742	-24	6	0	65	65	NA
1237	12	742	609	-24	6	0	65	65	NA
1238	12	742	1100	-24	6	0	65	65	NA
1239	12	742	1100	-24	6	0	65	65	NA
1240	8	500	0	24	-2859	0	50	0	NA
1241	12	609	742	24	-6	0	65	65	NA
1242	8	742	0	6	-2859	0	50	0	NA
1243	8	1100	0	6	-2859	0	50	0	750
1244	12	742	1100	-24	6	0	65	65	NA
1245	12	609	742	-24	6	0	65	65	NA
1246	12	1100	742	24	-6	1	65	65	700
1247	8	1100	0	24	-2859	0	50	0	NA
1248	8	742	0	-6	-2859	0	50	0	NA
1249	8	742	0	-6	-2859	0	50	0	NA
1250	12	500	742	24	-6	0	65	65	750
1251	12	903	742	24	-6	0	65	65	NA
1252	12	742	609	24	-6	0	65	65	NA
1253	8	500	0	-6	-2859	0	50	0	NA
1254	12	903	742	-24	6	0	65	65	NA
1255	12	742	609	24	-6	0	65	65	NA
1256	12	500	742	24	-6	0	65	65	800
1257	12	609	742	24	-6	0	65	65	NA
1258	12	742	1100	24	-6	0	65	65	NA
1259	12	609	742	24	-6	0	65	65	NA
1260	12	903	742	-24	6	0	65	65	NA
1261	12	742	609	24	-6	0	65	65	NA
1262	8	1100	0	6	-2859	0	50	0	NA
1263	12	742	609	-24	6	0	65	65	800
1264	12	742	500	-24	6	0	65	65	NA
1265	8	1100	0	-24	-2859	0	50	0	NA
1266	12	903	742	-24	6	0	65	65	750
1267	12	903	742	-24	6	0	65	65	NA
1268	8	500	0	24	-2859	0	50	0	NA
1269	12	903	742	-24	6	0	65	65	NA
1270	8	1100	0	-24	-2859	0	50	0	NA
1271	8	742	0	6	-2859	0	50	0	NA
1272	12	500	742	-24	6	0	65	65	NA
1273	12	742	609	-24	6	0	65	65	NA
1274	8	742	0	6	-2859	0	50	0	750
1275	8	500	0	-6	-2859	0	50	0	800
1276	12	903	742	24	-6	0	65	65	NA
1277	8	500	0	-24	-2859	0	50	0	NA
1278	12	500	742	-24	6	0	65	65	NA
1279	8	500	0	-6	-2859	0	50	0	NA
1280	12	903	742	-24	6	0	65	65	NA
1281	8	500	0	24	-2859	0	50	0	NA
1282	8	500	0	-24	-2859	0	50	0	NA
1283	8	742	0	24	-2859	0	50	0	NA
1284	12	609	742	24	-6	0	65	65	NA
1285	8	742	0	-24	-2859	0	50	0	NA
1286	12	742	1100	-24	6	0	65	65	NA
1287	12	742	903	24	-6	0	65	65	NA
1288	12	742	609	24	-6	0	65	65	NA
1289	12	742	609	24	-6	0	65	65	NA
1290	8	1100	0	-6	-2859	0	50	0	NA
1291	8	742	0	-24	-2859	0	50	0	NA
1292	8	1100	0	24	-2859	0	50	0	NA
1293	12	609	742	-24	6	0	65	65	750
1294	8	1100	0	-6	-2859	0	50	0	NA
1295	12	742	609	-24	6	0	65	65	NA
1296	8	742	0	6	-2859	0	50	0	NA
1297	12	742	1100	-24	6	0	65	65	NA
1298	12	742	903	-24	6	0	65	65	800
1299	8	742	0	-6	-2859	0	50	0	NA
1300	12	609	742	-24	6	0	65	65	NA
1301	12	742	500	24	-6	0	65	65	NA
1302	12	609	742	24	-6	0	65	65	NA
1303	8	742	0	-6	-2859	0	50	0	NA
1304	12	742	609	-24	6	0	65	65	NA
1305	12	742	903	-24	6	0	65	65	NA
1306	12	609	742	-24	6	0	65	65	NA
1307	8	500	0	-24	-2859	0	50	0	NA
1308	8	1100	0	6	-2859	0	50	0	NA
1309	8	742	0	6	-2859	0	50	0	NA
1310	12	742	1100	24	-6	0	65	65	NA
1311	12	742	1100	-24	6	0	65	65	NA
1312	12	609	742	-24	6	0	65	65	NA
1313	12	903	742	-24	6	0	65	65	NA
1314	12	742	500	24	-6	0	65	65	NA
1315	12	1100	742	-24	6	0	65	65	NA
1316	8	500	0	24	-2859	0	50	0	NA
1317	12	742	500	24	-6	0	65	65	NA
1318	12	500	742	-24	6	0	65	65	NA
1319	8	1100	0	-6	-2859	1	50	0	800
1320	8	1100	0	-24	-2859	0	50	0	NA
1321	12	500	742	24	-6	0	65	65	NA
1322	8	500	0	6	-2859	0	50	0	NA
1323	8	500	0	24	-2859	0	50	0	NA
1324	8	500	0	-6	-2859	0	50	0	NA
1325	8	742	0	6	-2859	0	50	0	NA
1326	12	903	742	24	-6	1	65	65	800
1327	8	500	0	-24	-2859	0	50	0	NA
1328	12	742	1100	24	-6	0	65	65	NA
1329	8	742	0	-6	-2859	0	50	0	NA
1330	12	742	903	24	-6	0	65	65	NA
1331	12	903	742	-24	6	0	65	65	NA
1332	12	742	500	24	-6	0	65	65	NA
1333	12	903	742	-24	6	0	65	65	NA
1334	8	742	0	6	-2859	0	50	0	NA
1335	12	903	742	24	-6	0	65	65	NA
1336	12	1100	742	-24	6	0	65	65	NA
1337	12	742	1100	-24	6	1	65	65	700
1338	12	609	742	-24	6	0	65	65	NA
1339	12	742	609	-24	6	0	65	65	NA
1340	8	1100	0	6	-2859	0	50	0	NA
1341	8	500	0	-24	-2859	0	50	0	NA
1342	12	742	1100	24	-6	0	65	65	NA
1343	8	1100	0	-24	-2859	0	50	0	NA
1344	12	742	1100	-24	6	0	65	65	750
1345	8	1100	0	6	-2859	1	50	0	800
1346	12	742	903	24	-6	1	65	65	800
1347	8	500	0	-24	-2859	0	50	0	NA
1348	8	500	0	-6	-2859	0	50	0	NA
1349	12	903	742	24	-6	0	65	65	NA
1350	8	1100	0	-6	-2859	0	50	0	NA
1351	12	742	609	-24	6	0	65	65	NA
1352	8	742	0	-6	-2859	0	50	0	NA
