1	12	903	742	-24	6	0	65	65	NA
2	8	1100	0	-6	-2859	0	50	0	NA
3	12	609	742	-24	6	0	65	65	800
4	12	742	609	-24	6	0	65	65	700
5	12	742	903	24	-6	0	65	65	700
6	12	742	609	-24	6	1	65	65	800
7	12	500	742	-24	6	1	65	65	800
8	12	742	903	24	-6	0	65	65	750
9	12	742	609	-24	6	0	65	65	800
10	12	742	1100	24	-6	1	65	65	700
11	8	500	0	6	-2859	1	50	0	750
12	12	742	500	-24	6	0	65	65	800
13	12	742	609	24	-6	1	65	65	700
14	12	500	742	-24	6	0	65	65	700
15	12	609	742	24	-6	1	65	65	700
16	12	742	903	-24	6	0	65	65	800
17	12	500	742	24	-6	1	65	65	800
18	12	609	742	24	-6	1	65	65	750
19	12	1100	742	-24	6	0	65	65	700
20	12	609	742	-24	6	0	65	65	700
21	12	742	500	24	-6	1	65	65	750
22	12	742	609	24	-6	1	65	65	800
23	8	500	0	-24	-2859	1	50	0	800
24	12	742	1100	-24	6	0	65	65	700
25	8	742	0	24	-2859	1	50	0	800
26	12	742	1100	-24	6	0	65	65	700
27	8	1100	0	6	-2859	0	50	0	750
28	8	1100	0	-24	-2859	1	50	0	800
29	8	742	0	-6	-2859	1	50	0	800
30	12	609	742	24	-6	1	65	65	700
31	12	903	742	-24	6	1	65	65	700
32	8	500	0	-24	-2859	1	50	0	750
33	12	609	742	-24	6	1	65	65	700
34	8	1100	0	-24	-2859	0	50	0	NA
35	12	609	742	-24	6	1	65	65	750
36	12	742	500	24	-6	1	65	65	800
37	12	742	1100	24	-6	1	65	65	700
38	12	1100	742	24	-6	1	65	65	700
39	12	609	742	24	-6	1	65	65	800
40	8	742	0	-6	-2859	1	50	0	750
41	12	500	742	24	-6	1	65	65	700
42	8	500	0	24	-2859	1	50	0	800
43	12	742	1100	24	-6	1	65	65	800
44	12	742	609	24	-6	1	65	65	700
45	12	500	742	24	-6	1	65	65	750
46	8	1100	0	-6	-2859	1	50	0	800
47	12	1100	742	-24	6	1	65	65	700
48	8	1100	0	6	-2859	0	50	0	700
49	8	1100	0	6	-2859	0	50	0	800
50	12	742	609	24	-6	1	65	65	800
51	12	609	742	-24	6	1	65	65	700
52	8	500	0	6	-2859	0	50	0	NA
53	12	742	609	24	-6	1	65	65	750
54	8	1100	0	-6	-2859	1	50	0	700
55	8	742	0	-24	-2859	1	50	0	700
56	8	500	0	24	-2859	0	50	0	800
57	12	742	1100	-24	6	1	65	65	800
58	8	742	0	-6	-2859	0	50	0	750
59	8	500	0	6	-2859	0	50	0	NA
60	8	742	0	-6	-2859	0	50	0	700
61	12	742	609	24	-6	0	65	65	700
62	8	742	0	-6	-2859	1	50	0	800
63	12	742	609	24	-6	1	65	65	700
64	12	903	742	-24	6	1	65	65	750
65	12	742	500	24	-6	1	65	65	800
66	12	742	903	24	-6	1	65	65	700
67	8	742	0	-6	-2859	1	50	0	800
68	8	742	0	6	-2859	0	50	0	NA
69	12	742	609	-24	6	1	65	65	700
70	8	500	0	24	-2859	1	50	0	750
71	8	1100	0	6	-2859	0	50	0	700
72	12	1100	742	24	-6	1	65	65	800
73	12	742	609	24	-6	0	65	65	700
74	8	742	0	24	-2859	1	50	0	750
75	8	1100	0	6	-2859	0	50	0	800
76	12	1100	742	24	-6	1	65	65	700
77	8	1100	0	24	-2859	1	50	0	750
78	12	1100	742	-24	6	0	65	65	NA
79	8	500	0	24	-2859	1	50	0	800
80	12	742	903	-24	6	0	65	65	800
81	8	500	0	-6	-2859	0	50	0	750
82	12	609	742	-24	6	0	65	65	800
83	8	1100	0	-6	-2859	1	50	0	700
84	12	742	903	24	-6	1	65	65	800
85	12	1100	742	24	-6	1	65	65	800
86	12	609	742	24	-6	1	65	65	700
87	8	1100	0	6	-2859	0	50	0	800
88	12	742	1100	-24	6	1	65	65	700
89	12	742	609	-24	6	1	65	65	750
90	12	742	903	24	-6	1	65	65	800
91	12	609	742	-24	6	1	65	65	750
92	12	742	1100	-24	6	0	65	65	800
93	8	1100	0	24	-2859	1	50	0	700
94	12	1100	742	24	-6	0	65	65	NA
95	8	500	0	6	-2859	0	50	0	NA
96	12	742	609	-24	6	1	65	65	700
97	8	500	0	24	-2859	1	50	0	800
98	8	500	0	24	-2859	1	50	0	750
99	8	1100	0	-24	-2859	1	50	0	700
100	8	742	0	-24	-2859	1	50	0	700
101	12	742	609	-24	6	0	65	65	750
102	12	742	903	24	-6	1	65	65	800
103	12	742	1100	24	-6	1	65	65	700
104	12	609	742	-24	6	0	65	65	800
105	12	1100	742	24	-6	1	65	65	700
106	12	742	609	24	-6	1	65	65	700
107	8	742	0	-24	-2859	1	50	0	800
108	12	1100	742	24	-6	1	65	65	800
109	12	742	500	-24	6	0	65	65	750
110	8	742	0	24	-2859	1	50	0	800
111	12	500	742	24	-6	1	65	65	700
112	12	1100	742	-24	6	1	65	65	800
113	12	742	903	24	-6	1	65	65	750
114	12	1100	742	24	-6	1	65	65	700
115	12	742	609	-24	6	1	65	65	800
116	8	742	0	24	-2859	1	50	0	700
117	12	1100	742	24	-6	1	65	65	750
118	12	1100	742	-24	6	0	65	65	700
119	12	742	500	-24	6	1	65	65	700
120	12	1100	742	24	-6	0	65	65	750
121	12	742	903	24	-6	1	65	65	800
122	8	742	0	24	-2859	1	50	0	800
123	12	742	500	24	-6	1	65	65	700
124	8	1100	0	24	-2859	1	50	0	750
125	8	1100	0	24	-2859	1	50	0	800
126	12	609	742	-24	6	1	65	65	700
127	8	1100	0	6	-2859	1	50	0	700
128	8	500	0	-6	-2859	1	50	0	700
129	8	742	0	-24	-2859	0	50	0	NA
130	12	742	1100	-24	6	0	65	65	750
131	8	500	0	-6	-2859	1	50	0	800
132	8	742	0	6	-2859	0	50	0	750
133	12	903	742	-24	6	1	65	65	700
134	12	742	500	24	-6	1	65	65	800
135	12	742	1100	-24	6	1	65	65	700
136	12	742	609	-24	6	1	65	65	800
137	8	500	0	-6	-2859	1	50	0	700
138	8	742	0	-6	-2859	1	50	0	700
139	8	742	0	6	-2859	0	50	0	800
140	8	1100	0	-6	-2859	1	50	0	800
141	8	500	0	24	-2859	1	50	0	750
142	12	903	742	24	-6	0	65	65	NA
143	8	500	0	24	-2859	1	50	0	800
144	8	500	0	24	-2859	1	50	0	750
145	12	609	742	-24	6	0	65	65	800
146	8	1100	0	-6	-2859	1	50	0	700
147	12	500	742	-24	6	0	65	65	NA
148	12	742	903	-24	6	1	65	65	700
149	12	742	903	-24	6	1	65	65	750
150	8	742	0	-24	-2859	1	50	0	800
151	8	1100	0	24	-2859	1	50	0	700
152	8	742	0	-6	-2859	1	50	0	700
153	12	742	609	24	-6	1	65	65	750
154	8	500	0	24	-2859	1	50	0	700
155	12	742	903	24	-6	1	65	65	750
156	12	742	903	-24	6	1	65	65	700
157	8	500	0	24	-2859	1	50	0	800
158	12	742	903	-24	6	0	65	65	NA
159	8	742	0	-24	-2859	1	50	0	700
160	12	742	609	-24	6	0	65	65	NA
161	8	742	0	24	-2859	1	50	0	750
162	12	742	1100	-24	6	0	65	65	800
163	12	500	742	-24	6	1	65	65	700
164	12	742	500	-24	6	1	65	65	800
165	12	742	500	-24	6	0	65	65	NA
166	8	742	0	-6	-2859	1	50	0	750
167	8	1100	0	24	-2859	0	50	0	NA
168	12	609	742	-24	6	1	65	65	700
169	12	500	742	-24	6	1	65	65	800
170	12	609	742	24	-6	1	65	65	750
171	12	903	742	24	-6	1	65	65	700
172	12	742	609	-24	6	1	65	65	800
173	8	1100	0	-6	-2859	1	50	0	700
174	12	1100	742	-24	6	0	65	65	750
175	12	742	609	24	-6	1	65	65	700
176	12	500	742	-24	6	0	65	65	NA
177	12	1100	742	24	-6	1	65	65	700
178	12	500	742	24	-6	1	65	65	800
179	8	1100	0	24	-2859	1	50	0	750
180	12	500	742	24	-6	1	65	65	800
181	8	500	0	-6	-2859	1	50	0	700
182	12	1100	742	24	-6	1	65	65	700
183	12	609	742	-24	6	1	65	65	750
184	12	903	742	-24	6	0	65	65	NA
185	12	903	742	-24	6	1	65	65	700
186	12	742	609	-24	6	0	65	65	NA
187	12	609	742	24	-6	1	65	65	800
188	12	742	1100	-24	6	0	65	65	NA
189	8	500	0	-24	-2859	1	50	0	800
190	8	1100	0	6	-2859	0	50	0	750
191	12	742	903	24	-6	1	65	65	700
192	8	1100	0	6	-2859	0	50	0	NA
193	8	742	0	24	-2859	1	50	0	700
194	8	1100	0	-6	-2859	1	50	0	750
195	12	742	609	-24	6	0	65	65	NA
196	12	500	742	24	-6	0	65	65	NA
197	12	742	1100	24	-6	0	65	65	800
198	8	1100	0	-24	-2859	0	50	0	NA
199	12	609	742	24	-6	0	65	65	NA
200	12	500	742	-24	6	0	65	65	NA
201	12	742	609	24	-6	0	65	65	NA
202	12	1100	742	24	-6	0	65	65	NA
203	12	609	742	24	-6	0	65	65	NA
204	12	742	1100	24	-6	0	65	65	NA
205	8	742	0	24	-2859	1	50	0	750
206	12	742	1100	-24	6	0	65	65	NA
207	8	500	0	-24	-2859	0	50	0	NA
208	12	1100	742	-24	6	0	65	65	NA
209	12	742	609	-24	6	0	65	65	NA
210	8	500	0	6	-2859	1	50	0	700
211	12	742	609	-24	6	0	65	65	750
212	8	742	0	24	-2859	1	50	0	700
213	12	609	742	-24	6	1	65	65	800
214	12	742	903	-24	6	0	65	65	750
215	8	500	0	-6	-2859	1	50	0	800
216	8	1100	0	6	-2859	0	50	0	NA
217	12	609	742	24	-6	1	65	65	700
218	12	500	742	-24	6	1	65	65	800
219	12	500	742	24	-6	1	65	65	700
220	8	1100	0	6	-2859	1	50	0	750
221	12	500	742	-24	6	1	65	65	800
222	12	500	742	-24	6	1	65	65	700
223	8	1100	0	-6	-2859	0	50	0	700
224	8	1100	0	-6	-2859	1	50	0	750
225	12	903	742	-24	6	1	65	65	700
226	8	742	0	-24	-2859	1	50	0	800
227	12	609	742	-24	6	1	65	65	800
228	8	742	0	-6	-2859	1	50	0	800
229	12	742	500	-24	6	0	65	65	750
230	12	742	609	-24	6	0	65	65	700
231	8	500	0	6	-2859	0	50	0	NA
232	12	742	903	-24	6	1	65	65	800
233	12	742	500	24	-6	1	65	65	800
234	8	742	0	24	-2859	1	50	0	750
235	8	500	0	-24	-2859	1	50	0	700
236	12	742	903	-24	6	0	65	65	800
237	12	742	500	24	-6	0	65	65	NA
238	12	609	742	-24	6	1	65	65	800
239	12	742	609	-24	6	1	65	65	750
240	8	500	0	-24	-2859	1	50	0	800
241	12	609	742	-24	6	0	65	65	NA
242	12	609	742	24	-6	1	65	65	700
243	8	500	0	6	-2859	0	50	0	800
244	8	500	0	-24	-2859	1	50	0	800
245	12	1100	742	24	-6	1	65	65	700
246	12	742	609	24	-6	0	65	65	800
247	8	1100	0	-6	-2859	1	50	0	750
248	8	742	0	6	-2859	0	50	0	700
249	12	742	500	-24	6	1	65	65	800
250	8	1100	0	6	-2859	0	50	0	800
251	12	742	500	24	-6	1	65	65	750
252	12	903	742	-24	6	1	65	65	700
253	12	903	742	-24	6	0	65	65	800
254	12	609	742	24	-6	1	65	65	800
255	8	500	0	6	-2859	0	50	0	750
256	8	742	0	-24	-2859	1	50	0	700
257	8	500	0	24	-2859	1	50	0	750
258	12	742	500	-24	6	0	65	65	NA
259	8	1100	0	-24	-2859	1	50	0	800
260	12	742	903	24	-6	0	65	65	NA
261	8	742	0	6	-2859	0	50	0	NA
262	8	1100	0	-24	-2859	0	50	0	NA
263	12	742	500	-24	6	0	65	65	NA
264	8	1100	0	-6	-2859	0	50	0	NA
265	12	742	1100	-24	6	0	65	65	NA
266	12	742	1100	-24	6	0	65	65	NA
267	12	742	609	-24	6	0	65	65	NA
268	8	742	0	-6	-2859	0	50	0	NA
269	12	742	1100	-24	6	0	65	65	NA
270	8	1100	0	-6	-2859	0	50	0	NA
271	12	609	742	24	-6	0	65	65	NA
272	12	742	1100	-24	6	0	65	65	NA
273	8	500	0	-24	-2859	0	50	0	NA
274	12	742	609	-24	6	0	65	65	NA
275	12	742	1100	-24	6	0	65	65	NA
276	12	742	609	-24	6	0	65	65	NA
277	12	742	1100	-24	6	0	65	65	800
278	8	500	0	-6	-2859	1	50	0	700
279	8	500	0	6	-2859	0	50	0	NA
280	12	742	500	24	-6	0	65	65	NA
281	8	1100	0	-24	-2859	1	50	0	700
282	8	742	0	-24	-2859	1	50	0	800
283	12	742	903	-24	6	0	65	65	NA
284	8	742	0	24	-2859	1	50	0	750
285	12	1100	742	-24	6	0	65	65	NA
286	8	1100	0	-24	-2859	0	50	0	NA
287	12	1100	742	-24	6	1	65	65	700
288	12	742	903	24	-6	0	65	65	800
289	8	1100	0	6	-2859	0	50	0	700
290	12	742	500	-24	6	1	65	65	800
291	8	742	0	24	-2859	0	50	0	NA
292	12	903	742	24	-6	1	65	65	800
293	12	742	903	24	-6	1	65	65	750
294	8	500	0	-24	-2859	1	50	0	800
295	12	1100	742	24	-6	0	65	65	NA
296	12	742	500	24	-6	1	65	65	750
297	8	742	0	6	-2859	0	50	0	800
298	8	1100	0	-6	-2859	1	50	0	800
299	8	500	0	24	-2859	1	50	0	700
300	8	500	0	-24	-2859	1	50	0	700
301	8	1100	0	-24	-2859	1	50	0	700
302	8	742	0	24	-2859	0	50	0	NA
303	8	742	0	-24	-2859	1	50	0	800
304	8	742	0	6	-2859	0	50	0	NA
305	12	903	742	24	-6	0	65	65	NA
306	8	1100	0	-24	-2859	1	50	0	800
307	12	742	500	-24	6	0	65	65	NA
308	12	1100	742	24	-6	0	65	65	NA
309	8	742	0	-6	-2859	1	50	0	800
310	12	742	903	-24	6	1	65	65	800
311	12	742	1100	-24	6	0	65	65	NA
312	8	742	0	24	-2859	0	50	0	NA
313	12	742	609	24	-6	1	65	65	800
314	12	742	903	-24	6	0	65	65	NA
315	12	1100	742	24	-6	0	65	65	750
316	12	742	1100	-24	6	0	65	65	700
317	8	500	0	-6	-2859	0	50	0	NA
318	8	1100	0	24	-2859	0	50	0	NA
319	8	1100	0	24	-2859	0	50	0	NA
320	8	500	0	-6	-2859	0	50	0	NA
321	12	742	500	24	-6	0	65	65	NA
322	12	742	903	-24	6	0	65	65	NA
323	8	500	0	24	-2859	0	50	0	800
324	8	742	0	-6	-2859	0	50	0	NA
325	12	903	742	-24	6	0	65	65	NA
326	8	742	0	-24	-2859	0	50	0	NA
327	8	500	0	6	-2859	0	50	0	800
328	12	742	500	24	-6	0	65	65	NA
329	12	500	742	24	-6	0	65	65	NA
330	12	500	742	24	-6	0	65	65	NA
331	12	742	903	-24	6	0	65	65	NA
332	8	1100	0	6	-2859	0	50	0	NA
333	8	500	0	-24	-2859	0	50	0	NA
334	12	609	742	-24	6	0	65	65	NA
335	12	742	1100	24	-6	0	65	65	NA
336	12	609	742	-24	6	0	65	65	NA
337	8	1100	0	24	-2859	0	50	0	NA
338	8	500	0	-24	-2859	0	50	0	NA
339	8	742	0	6	-2859	0	50	0	NA
340	12	742	609	24	-6	0	65	65	700
341	12	500	742	-24	6	1	65	65	700
342	8	742	0	6	-2859	0	50	0	NA
343	12	742	1100	-24	6	1	65	65	700
344	12	742	500	-24	6	0	65	65	800
345	12	742	500	24	-6	0	65	65	NA
346	8	1100	0	6	-2859	0	50	0	NA
347	12	742	903	-24	6	0	65	65	NA
348	12	1100	742	24	-6	0	65	65	NA
349	12	1100	742	24	-6	1	65	65	700
350	12	609	742	24	-6	0	65	65	NA
351	8	1100	0	6	-2859	0	50	0	800
352	12	742	1100	-24	6	0	65	65	700
353	12	742	609	24	-6	0	65	65	700
354	8	1100	0	-24	-2859	0	50	0	NA
355	12	742	1100	24	-6	0	65	65	NA
356	8	1100	0	-6	-2859	0	50	0	NA
357	8	500	0	24	-2859	0	50	0	NA
358	8	742	0	6	-2859	0	50	0	NA
359	12	742	500	24	-6	0	65	65	NA
360	12	1100	742	-24	6	0	65	65	NA
361	8	742	0	-6	-2859	0	50	0	NA
362	8	742	0	-24	-2859	0	50	0	NA
363	12	742	1100	24	-6	0	65	65	NA
364	8	1100	0	6	-2859	0	50	0	NA
365	8	500	0	24	-2859	0	50	0	NA
366	12	742	500	24	-6	0	65	65	NA
367	8	500	0	-6	-2859	0	50	0	NA
368	8	500	0	24	-2859	0	50	0	700
369	12	609	742	-24	6	0	65	65	NA
370	12	742	609	-24	6	0	65	65	NA
371	12	903	742	24	-6	0	65	65	NA
372	12	742	500	24	-6	0	65	65	NA
373	12	1100	742	24	-6	0	65	65	NA
374	8	500	0	6	-2859	0	50	0	NA
375	12	903	742	-24	6	0	65	65	NA
376	12	742	609	24	-6	0	65	65	NA
377	12	500	742	24	-6	0	65	65	NA
378	12	1100	742	24	-6	0	65	65	NA
379	12	742	1100	-24	6	0	65	65	750
380	12	1100	742	-24	6	0	65	65	700
381	8	1100	0	-24	-2859	0	50	0	NA
382	12	742	1100	-24	6	0	65	65	NA
383	8	500	0	6	-2859	0	50	0	NA
384	8	742	0	6	-2859	0	50	0	NA
385	12	742	609	-24	6	0	65	65	NA
386	12	500	742	24	-6	0	65	65	NA
387	12	742	903	-24	6	0	65	65	NA
388	8	742	0	6	-2859	0	50	0	NA
389	12	742	609	24	-6	0	65	65	NA
390	12	742	609	-24	6	0	65	65	NA
391	12	742	903	-24	6	0	65	65	NA
392	8	500	0	-6	-2859	0	50	0	800
393	12	609	742	24	-6	0	65	65	NA
394	12	742	1100	-24	6	0	65	65	NA
395	8	742	0	-24	-2859	1	50	0	750
396	12	742	500	-24	6	0	65	65	NA
397	12	609	742	-24	6	0	65	65	NA
398	12	742	903	-24	6	0	65	65	NA
399	12	742	1100	-24	6	0	65	65	NA
400	8	1100	0	-24	-2859	0	50	0	NA
401	8	1100	0	-24	-2859	1	50	0	750
402	12	1100	742	24	-6	1	65	65	700
403	8	1100	0	6	-2859	1	50	0	700
404	8	1100	0	6	-2859	0	50	0	800
405	8	742	0	-6	-2859	1	50	0	800
406	12	500	742	24	-6	1	65	65	750
407	12	500	742	24	-6	0	65	65	NA
408	8	500	0	-6	-2859	0	50	0	NA
409	12	742	903	24	-6	0	65	65	NA
410	12	500	742	-24	6	0	65	65	NA
411	8	742	0	24	-2859	0	50	0	NA
412	8	500	0	24	-2859	0	50	0	NA
413	8	1100	0	-24	-2859	0	50	0	NA
414	8	1100	0	24	-2859	0	50	0	700
415	12	903	742	24	-6	1	65	65	700
416	12	903	742	24	-6	0	65	65	NA
417	8	500	0	24	-2859	1	50	0	800
418	12	742	500	24	-6	0	65	65	NA
419	12	1100	742	24	-6	0	65	65	NA
420	12	609	742	-24	6	0	65	65	NA
421	12	742	500	24	-6	0	65	65	750
422	12	500	742	24	-6	0	65	65	NA
423	12	742	1100	24	-6	1	65	65	700
424	8	742	0	6	-2859	0	50	0	NA
425	12	742	500	24	-6	1	65	65	700
426	12	1100	742	-24	6	1	65	65	800
427	12	742	609	-24	6	0	65	65	NA
428	12	742	903	24	-6	0	65	65	NA
429	12	742	1100	24	-6	0	65	65	NA
430	8	742	0	-24	-2859	0	50	0	NA
431	12	742	500	-24	6	0	65	65	NA
432	12	742	1100	24	-6	0	65	65	NA
433	8	742	0	-6	-2859	0	50	0	NA
434	12	742	903	-24	6	0	65	65	NA
435	8	1100	0	24	-2859	0	50	0	NA
436	12	742	1100	24	-6	0	65	65	NA
437	8	1100	0	-24	-2859	0	50	0	NA
438	8	1100	0	24	-2859	0	50	0	800
439	12	742	609	-24	6	0	65	65	700
440	12	742	500	-24	6	0	65	65	800
441	8	500	0	-6	-2859	0	50	0	NA
442	12	1100	742	-24	6	0	65	65	NA
443	8	742	0	-24	-2859	1	50	0	800
444	8	500	0	6	-2859	0	50	0	800
445	8	742	0	6	-2859	0	50	0	NA
446	12	609	742	24	-6	0	65	65	NA
447	8	500	0	-6	-2859	1	50	0	750
448	12	742	1100	-24	6	0	65	65	NA
449	12	903	742	-24	6	1	65	65	800
450	12	742	500	-24	6	0	65	65	800
451	12	903	742	24	-6	0	65	65	NA
452	8	742	0	6	-2859	0	50	0	700
453	8	742	0	-6	-2859	0	50	0	NA
454	8	1100	0	6	-2859	0	50	0	NA
455	12	742	903	-24	6	0	65	65	NA
456	12	742	1100	24	-6	0	65	65	800
457	8	500	0	-24	-2859	0	50	0	NA
458	8	500	0	6	-2859	0	50	0	NA
459	8	1100	0	-6	-2859	1	50	0	700
460	8	500	0	-6	-2859	1	50	0	700
461	12	903	742	-24	6	1	65	65	800
462	12	500	742	-24	6	1	65	65	700
463	8	1100	0	-24	-2859	1	50	0	750
464	12	742	609	-24	6	1	65	65	700
465	12	1100	742	-24	6	1	65	65	800
466	12	609	742	-24	6	1	65	65	750
467	12	742	609	-24	6	1	65	65	700
468	12	1100	742	-24	6	0	65	65	NA
469	12	742	1100	-24	6	0	65	65	700
470	12	903	742	-24	6	1	65	65	750
471	12	903	742	24	-6	0	65	65	NA
472	8	742	0	-24	-2859	1	50	0	700
473	12	742	609	-24	6	1	65	65	800
474	8	742	0	-24	-2859	1	50	0	800
475	12	742	500	24	-6	0	65	65	NA
476	12	742	903	24	-6	1	65	65	800
477	12	903	742	-24	6	0	65	65	700
478	8	500	0	-6	-2859	1	50	0	700
479	8	500	0	6	-2859	0	50	0	800
480	8	1100	0	24	-2859	1	50	0	800
481	8	742	0	6	-2859	0	50	0	750
482	12	742	1100	-24	6	0	65	65	800
483	12	742	1100	-24	6	0	65	65	700
484	12	742	500	-24	6	0	65	65	NA
485	12	609	742	-24	6	0	65	65	700
486	12	903	742	24	-6	0	65	65	NA
487	8	1100	0	24	-2859	0	50	0	NA
488	12	1100	742	-24	6	0	65	65	700
489	12	742	609	24	-6	0	65	65	NA
490	12	742	903	-24	6	0	65	65	NA
491	12	609	742	-24	6	0	65	65	NA
492	12	742	1100	-24	6	0	65	65	NA
493	12	609	742	24	-6	0	65	65	NA
494	8	500	0	-6	-2859	0	50	0	NA
495	8	742	0	-6	-2859	0	50	0	NA
496	8	500	0	-6	-2859	0	50	0	NA
497	12	742	609	24	-6	0	65	65	NA
498	12	742	609	-24	6	0	65	65	NA
499	12	500	742	-24	6	0	65	65	NA
500	8	1100	0	6	-2859	0	50	0	NA
501	8	742	0	-24	-2859	0	50	0	NA
502	8	742	0	24	-2859	0	50	0	NA
503	8	742	0	24	-2859	0	50	0	NA
504	8	742	0	-24	-2859	1	50	0	800
505	8	1100	0	6	-2859	0	50	0	NA
506	12	742	1100	24	-6	1	65	65	700
507	12	742	500	24	-6	0	65	65	NA
508	8	500	0	-6	-2859	0	50	0	NA
509	12	742	500	24	-6	0	65	65	NA
510	12	500	742	-24	6	0	65	65	NA
511	8	742	0	-6	-2859	0	50	0	NA
512	12	742	1100	24	-6	0	65	65	NA
513	12	500	742	24	-6	0	65	65	NA
514	12	903	742	24	-6	0	65	65	NA
515	12	742	500	-24	6	0	65	65	NA
516	12	609	742	-24	6	0	65	65	NA
517	8	1100	0	24	-2859	1	50	0	750
518	8	1100	0	-6	-2859	1	50	0	750
519	8	500	0	-24	-2859	0	50	0	NA
520	12	903	742	-24	6	1	65	65	700
521	12	609	742	-24	6	0	65	65	NA
522	8	500	0	-6	-2859	0	50	0	800
523	12	742	1100	-24	6	0	65	65	700
524	12	742	1100	-24	6	0	65	65	700
525	8	742	0	-24	-2859	1	50	0	750
526	12	742	1100	-24	6	0	65	65	NA
527	8	742	0	24	-2859	0	50	0	NA
528	12	742	500	24	-6	0	65	65	NA
529	8	742	0	-6	-2859	0	50	0	NA
530	12	609	742	-24	6	0	65	65	NA
531	12	500	742	24	-6	0	65	65	NA
532	8	1100	0	-6	-2859	0	50	0	NA
533	12	742	500	-24	6	0	65	65	NA
534	12	742	609	24	-6	0	65	65	NA
535	12	500	742	-24	6	0	65	65	NA
536	8	500	0	-24	-2859	0	50	0	NA
537	12	742	609	-24	6	0	65	65	NA
538	12	903	742	-24	6	0	65	65	NA
539	12	742	500	-24	6	0	65	65	NA
540	12	742	609	-24	6	0	65	65	NA
541	8	742	0	-24	-2859	0	50	0	NA
542	8	1100	0	-6	-2859	0	50	0	800
543	8	1100	0	-6	-2859	0	50	0	NA
544	8	500	0	-24	-2859	0	50	0	NA
545	8	500	0	6	-2859	0	50	0	NA
546	8	742	0	-24	-2859	0	50	0	NA
547	12	742	1100	-24	6	0	65	65	NA
548	12	609	742	-24	6	0	65	65	750
549	12	500	742	-24	6	1	65	65	700
550	12	1100	742	-24	6	1	65	65	800
551	8	742	0	-24	-2859	0	50	0	NA
552	12	742	500	24	-6	0	65	65	NA
553	12	500	742	24	-6	0	65	65	NA
554	8	500	0	6	-2859	0	50	0	NA
555	8	500	0	-24	-2859	0	50	0	NA
556	12	742	1100	-24	6	0	65	65	NA
557	8	500	0	-24	-2859	1	50	0	800
558	12	500	742	-24	6	1	65	65	700
559	12	609	742	24	-6	0	65	65	NA
560	12	742	1100	-24	6	0	65	65	750
561	12	742	609	24	-6	0	65	65	800
562	12	742	1100	-24	6	0	65	65	NA
563	8	1100	0	6	-2859	0	50	0	NA
564	8	1100	0	24	-2859	0	50	0	NA
565	8	742	0	-6	-2859	0	50	0	NA
566	8	1100	0	6	-2859	0	50	0	NA
567	12	609	742	24	-6	0	65	65	NA
568	12	609	742	-24	6	0	65	65	800
569	8	742	0	-6	-2859	0	50	0	NA
570	8	742	0	-6	-2859	0	50	0	NA
571	8	742	0	24	-2859	0	50	0	NA
572	12	609	742	-24	6	0	65	65	700
573	8	1100	0	6	-2859	0	50	0	NA
574	12	500	742	-24	6	0	65	65	NA
575	12	500	742	24	-6	0	65	65	NA
576	12	742	1100	24	-6	0	65	65	NA
577	8	500	0	-6	-2859	0	50	0	NA
578	12	742	609	24	-6	0	65	65	NA
579	12	742	1100	-24	6	0	65	65	NA
580	8	500	0	-6	-2859	0	50	0	NA
581	12	742	609	24	-6	0	65	65	NA
582	8	1100	0	24	-2859	0	50	0	NA
583	8	500	0	6	-2859	0	50	0	NA
584	12	500	742	-24	6	0	65	65	NA
585	12	742	1100	-24	6	0	65	65	NA
586	12	742	903	24	-6	0	65	65	NA
587	12	500	742	24	-6	0	65	65	NA
588	12	609	742	-24	6	0	65	65	NA
589	8	1100	0	-24	-2859	0	50	0	NA
590	12	1100	742	-24	6	0	65	65	NA
591	12	742	1100	-24	6	0	65	65	NA
592	12	609	742	24	-6	0	65	65	NA
593	12	1100	742	-24	6	0	65	65	NA
594	8	742	0	24	-2859	0	50	0	NA
595	8	742	0	6	-2859	0	50	0	NA
596	12	742	500	-24	6	0	65	65	NA
597	12	742	903	24	-6	0	65	65	NA
598	8	742	0	-24	-2859	0	50	0	NA
599	8	742	0	-6	-2859	0	50	0	NA
600	12	609	742	-24	6	0	65	65	NA
601	12	742	1100	24	-6	0	65	65	NA
602	8	742	0	24	-2859	0	50	0	NA
603	8	500	0	-24	-2859	0	50	0	NA
604	12	609	742	-24	6	0	65	65	NA
605	12	609	742	24	-6	0	65	65	NA
606	12	742	1100	-24	6	0	65	65	NA
607	12	500	742	24	-6	0	65	65	NA
608	8	1100	0	-6	-2859	0	50	0	NA
609	8	742	0	-24	-2859	0	50	0	NA
610	8	1100	0	6	-2859	0	50	0	NA
611	8	1100	0	24	-2859	0	50	0	NA
612	12	742	1100	-24	6	0	65	65	NA
613	12	609	742	24	-6	0	65	65	NA
614	12	1100	742	24	-6	0	65	65	NA
615	8	500	0	6	-2859	0	50	0	NA
616	8	500	0	24	-2859	0	50	0	NA
617	12	609	742	24	-6	0	65	65	NA
618	8	742	0	6	-2859	0	50	0	NA
619	12	500	742	24	-6	0	65	65	NA
620	8	742	0	-6	-2859	0	50	0	NA
621	8	742	0	6	-2859	0	50	0	NA
622	8	500	0	-6	-2859	0	50	0	NA
623	8	500	0	6	-2859	1	50	0	700
624	12	500	742	-24	6	1	65	65	800
625	12	500	742	-24	6	0	65	65	NA
626	8	1100	0	-6	-2859	0	50	0	700
627	8	742	0	6	-2859	0	50	0	750
628	12	903	742	-24	6	0	65	65	NA
629	8	1100	0	24	-2859	1	50	0	800
630	12	903	742	24	-6	0	65	65	NA
631	8	500	0	-6	-2859	0	50	0	700
632	12	742	903	24	-6	0	65	65	NA
633	8	1100	0	-24	-2859	1	50	0	800
634	8	1100	0	-24	-2859	1	50	0	750
635	8	1100	0	24	-2859	1	50	0	800
636	12	903	742	24	-6	0	65	65	NA
637	8	1100	0	-24	-2859	0	50	0	NA
638	8	1100	0	-6	-2859	0	50	0	NA
639	8	742	0	-6	-2859	0	50	0	NA
640	12	742	609	-24	6	0	65	65	750
641	12	742	1100	-24	6	0	65	65	700
642	12	742	609	24	-6	0	65	65	NA
643	12	742	903	24	-6	0	65	65	NA
644	12	742	609	24	-6	0	65	65	NA
645	8	742	0	24	-2859	1	50	0	700
646	12	500	742	24	-6	1	65	65	700
647	12	500	742	24	-6	1	65	65	800
648	12	742	903	-24	6	0	65	65	NA
649	8	500	0	6	-2859	0	50	0	NA
650	12	742	500	24	-6	0	65	65	NA
651	8	742	0	-24	-2859	0	50	0	NA
652	12	742	903	-24	6	0	65	65	NA
653	8	500	0	-6	-2859	0	50	0	NA
654	8	500	0	6	-2859	1	50	0	800
655	8	1100	0	24	-2859	1	50	0	700
656	12	742	609	-24	6	0	65	65	700
657	12	609	742	24	-6	0	65	65	NA
658	8	1100	0	24	-2859	1	50	0	750
659	8	1100	0	-6	-2859	1	50	0	800
660	12	742	609	-24	6	0	65	65	NA
661	8	1100	0	-24	-2859	0	50	0	NA
662	12	742	1100	-24	6	0	65	65	NA
663	8	500	0	6	-2859	0	50	0	NA
664	12	903	742	-24	6	0	65	65	800
665	8	742	0	24	-2859	1	50	0	800
666	8	500	0	24	-2859	0	50	0	750
667	8	500	0	6	-2859	0	50	0	NA
668	8	742	0	-24	-2859	0	50	0	NA
669	12	742	500	-24	6	0	65	65	NA
670	8	742	0	-6	-2859	0	50	0	NA
671	8	1100	0	6	-2859	0	50	0	NA
672	8	1100	0	6	-2859	0	50	0	NA
673	12	903	742	24	-6	0	65	65	NA
674	8	1100	0	-6	-2859	0	50	0	NA
675	8	742	0	-24	-2859	1	50	0	750
676	12	609	742	-24	6	0	65	65	700
677	12	742	500	-24	6	0	65	65	800
678	8	742	0	24	-2859	0	50	0	700
679	8	742	0	6	-2859	0	50	0	NA
680	8	1100	0	-24	-2859	1	50	0	700
681	12	609	742	-24	6	0	65	65	NA
682	12	742	903	-24	6	0	65	65	NA
683	12	742	903	24	-6	0	65	65	700
684	8	500	0	24	-2859	1	50	0	750
685	8	500	0	-6	-2859	0	50	0	NA
686	12	903	742	-24	6	0	65	65	700
687	12	500	742	24	-6	0	65	65	NA
688	8	500	0	6	-2859	0	50	0	NA
689	8	1100	0	-6	-2859	0	50	0	NA
690	12	742	1100	-24	6	0	65	65	NA
691	12	609	742	24	-6	0	65	65	NA
692	12	742	1100	-24	6	0	65	65	NA
693	12	742	500	24	-6	0	65	65	800
694	12	742	1100	24	-6	0	65	65	NA
695	12	903	742	-24	6	0	65	65	NA
696	12	742	1100	24	-6	0	65	65	NA
697	8	1100	0	6	-2859	0	50	0	NA
698	12	1100	742	-24	6	0	65	65	NA
699	12	742	609	-24	6	0	65	65	NA
700	8	1100	0	-24	-2859	0	50	0	NA
701	12	903	742	24	-6	0	65	65	NA
702	8	742	0	-6	-2859	0	50	0	NA
703	8	742	0	-24	-2859	0	50	0	NA
704	12	500	742	-24	6	0	65	65	NA
705	12	903	742	24	-6	0	65	65	NA
706	12	742	903	24	-6	0	65	65	NA
707	12	500	742	-24	6	0	65	65	NA
708	8	742	0	-24	-2859	0	50	0	NA
709	8	1100	0	24	-2859	0	50	0	NA
710	12	742	1100	24	-6	0	65	65	NA
711	8	500	0	-6	-2859	0	50	0	NA
712	8	500	0	24	-2859	0	50	0	NA
713	8	500	0	24	-2859	0	50	0	NA
714	8	742	0	-24	-2859	0	50	0	NA
715	12	903	742	-24	6	0	65	65	NA
716	8	742	0	-24	-2859	0	50	0	NA
717	8	1100	0	-6	-2859	0	50	0	NA
718	8	500	0	6	-2859	0	50	0	NA
719	12	903	742	24	-6	0	65	65	NA
720	12	609	742	24	-6	0	65	65	NA
721	12	742	1100	24	-6	0	65	65	NA
722	12	742	609	-24	6	0	65	65	NA
723	12	903	742	-24	6	0	65	65	NA
724	8	742	0	-24	-2859	0	50	0	NA
725	12	500	742	24	-6	0	65	65	NA
726	12	742	903	-24	6	0	65	65	NA
727	8	500	0	-24	-2859	0	50	0	800
728	12	742	903	-24	6	0	65	65	NA
729	12	500	742	24	-6	0	65	65	NA
730	8	742	0	-6	-2859	0	50	0	NA
731	12	500	742	-24	6	0	65	65	NA
732	8	500	0	24	-2859	0	50	0	NA
733	12	742	500	-24	6	0	65	65	NA
734	8	1100	0	-24	-2859	0	50	0	NA
735	8	1100	0	-6	-2859	0	50	0	NA
736	12	742	1100	24	-6	0	65	65	NA
737	8	1100	0	6	-2859	0	50	0	NA
738	8	1100	0	-6	-2859	0	50	0	NA
739	12	609	742	-24	6	0	65	65	NA
740	12	609	742	24	-6	0	65	65	NA
741	12	1100	742	-24	6	0	65	65	NA
742	8	1100	0	-24	-2859	0	50	0	NA
743	12	609	742	24	-6	0	65	65	NA
744	12	742	903	-24	6	0	65	65	700
745	8	500	0	-6	-2859	0	50	0	700
746	12	742	609	-24	6	0	65	65	800
747	12	742	609	24	-6	0	65	65	NA
748	8	1100	0	6	-2859	0	50	0	NA
749	12	742	1100	24	-6	0	65	65	NA
750	8	742	0	6	-2859	0	50	0	NA
751	12	1100	742	24	-6	0	65	65	800
752	12	609	742	-24	6	0	65	65	NA
753	8	500	0	24	-2859	0	50	0	NA
754	12	500	742	-24	6	1	65	65	750
755	12	609	742	-24	6	0	65	65	NA
756	12	903	742	24	-6	0	65	65	NA
757	8	742	0	24	-2859	0	50	0	NA
758	12	903	742	24	-6	0	65	65	NA
759	12	742	1100	24	-6	0	65	65	NA
760	12	742	500	-24	6	0	65	65	NA
761	12	742	500	24	-6	0	65	65	700
762	12	742	903	-24	6	0	65	65	700
763	12	609	742	-24	6	1	65	65	750
764	8	500	0	6	-2859	0	50	0	NA
765	12	742	500	24	-6	0	65	65	NA
766	12	500	742	-24	6	0	65	65	NA
767	12	742	903	24	-6	0	65	65	NA
768	8	742	0	6	-2859	0	50	0	NA
769	12	742	500	-24	6	0	65	65	NA
770	12	500	742	24	-6	0	65	65	NA
771	12	903	742	24	-6	0	65	65	NA
772	12	742	609	-24	6	0	65	65	NA
773	12	742	903	24	-6	0	65	65	NA
774	12	500	742	-24	6	0	65	65	NA
775	8	500	0	6	-2859	0	50	0	NA
776	12	742	1100	-24	6	0	65	65	NA
777	8	500	0	-6	-2859	0	50	0	NA
778	8	500	0	6	-2859	0	50	0	NA
779	12	742	500	24	-6	0	65	65	800
780	8	500	0	6	-2859	0	50	0	750
781	12	742	1100	24	-6	0	65	65	NA
782	12	742	903	-24	6	0	65	65	NA
