1	8	500	0	-6	-2859	0	50	0	NA
2	12	500	742	24	-6	0	50	50	NA
3	8	1632	0	6	-2859	1	50	0	1100
4	12	742	500	24	-6	0	50	50	1000
5	12	1632	742	24	-6	0	50	50	1100
6	8	500	0	6	-2859	0	50	0	NA
7	12	742	1632	24	-6	0	50	50	1000
8	8	1632	0	-24	-2859	0	50	0	NA
9	12	742	1632	24	-6	1	50	50	1100
10	8	742	0	-24	-2859	1	50	0	1000
11	8	1632	0	24	-2859	1	50	0	1100
12	12	742	1632	-24	6	1	50	50	1000
13	12	742	500	-24	6	1	50	50	1000
14	12	1632	742	24	-6	0	50	50	NA
15	12	742	1632	-24	6	1	50	50	1100
16	12	500	742	24	-6	0	50	50	1100
17	12	500	742	24	-6	0	50	50	1000
18	12	500	742	24	-6	0	50	50	NA
19	8	1632	0	-6	-2859	0	50	0	NA
20	8	1632	0	6	-2859	0	50	0	NA
21	12	1632	742	24	-6	1	50	50	1000
22	12	742	1632	-24	6	0	50	50	NA
23	12	500	742	-24	6	0	50	50	NA
24	8	500	0	24	-2859	0	50	0	1000
25	8	1632	0	6	-2859	0	50	0	NA
26	12	742	500	24	-6	0	50	50	NA
27	8	742	0	24	-2859	1	50	0	1000
28	12	1632	742	24	-6	0	50	50	1100
29	8	500	0	24	-2859	1	50	0	1000
30	8	742	0	6	-2859	1	50	0	1000
31	8	742	0	6	-2859	1	50	0	1000
32	12	1632	742	-24	6	1	50	50	1100
33	12	1632	742	-24	6	1	50	50	1000
34	12	742	500	24	-6	1	50	50	1100
35	8	500	0	-6	-2859	1	50	0	1000
36	8	1632	0	6	-2859	1	50	0	1000
37	8	1632	0	-6	-2859	1	50	0	1000
38	8	500	0	-6	-2859	1	50	0	1100
39	12	742	1632	-24	6	0	50	50	NA
40	8	1632	0	-24	-2859	1	50	0	1100
41	12	742	500	-24	6	1	50	50	1000
42	8	500	0	-24	-2859	0	50	0	NA
43	12	742	1632	-24	6	0	50	50	NA
44	8	500	0	6	-2859	1	50	0	1000
45	12	500	742	-24	6	1	50	50	1100
46	8	742	0	-24	-2859	1	50	0	1000
47	8	742	0	6	-2859	0	50	0	1100
48	12	742	500	24	-6	0	50	50	NA
49	12	742	1632	24	-6	1	50	50	1000
50	8	742	0	6	-2859	0	50	0	NA
51	12	742	1632	-24	6	0	50	50	1100
52	12	742	500	-24	6	0	50	50	1100
53	12	1632	742	-24	6	0	50	50	1000
54	12	1632	742	-24	6	0	50	50	NA
55	8	1632	0	24	-2859	0	50	0	1000
56	12	500	742	-24	6	0	50	50	NA
57	12	1632	742	24	-6	0	50	50	NA
58	12	742	500	24	-6	0	50	50	NA
59	12	742	1632	-24	6	0	50	50	NA
60	8	742	0	24	-2859	0	50	0	NA
61	12	742	500	24	-6	0	50	50	NA
62	8	742	0	24	-2859	0	50	0	NA
63	8	1632	0	-6	-2859	0	50	0	1000
64	8	500	0	-24	-2859	0	50	0	1100
65	12	1632	742	24	-6	0	50	50	1000
66	12	1632	742	24	-6	0	50	50	1000
67	12	742	1632	24	-6	0	50	50	1100
68	8	742	0	24	-2859	1	50	0	1100
69	8	500	0	-6	-2859	1	50	0	1000
70	12	742	500	-24	6	0	50	50	NA
71	12	500	742	-24	6	0	50	50	NA
72	8	1632	0	-6	-2859	1	50	0	1000
73	12	742	1632	-24	6	0	50	50	1000
74	8	500	0	6	-2859	1	50	0	1100
75	12	500	742	-24	6	0	50	50	NA
76	8	742	0	-6	-2859	1	50	0	1000
77	8	1632	0	-24	-2859	0	50	0	NA
78	12	1632	742	24	-6	1	50	50	1000
79	8	742	0	-6	-2859	0	50	0	NA
80	8	742	0	6	-2859	1	50	0	1000
81	12	742	1632	-24	6	0	50	50	NA
82	8	500	0	6	-2859	0	50	0	1000
83	8	742	0	6	-2859	1	50	0	1000
85	12	742	500	-24	6	0	50	50	1000
86	8	500	0	24	-2859	0	50	0	NA
87	12	742	500	-24	6	0	50	50	1000
88	12	500	742	-24	6	0	50	50	1100
89	12	742	500	24	-6	0	50	50	1000
90	8	1632	0	24	-2859	0	50	0	1000
91	12	742	500	-24	6	0	50	50	NA
92	12	500	742	-24	6	0	50	50	1000
93	8	1632	0	-6	-2859	0	50	0	1100
94	8	1632	0	6	-2859	0	50	0	1000
95	8	742	0	24	-2859	1	50	0	1100
96	12	742	500	-24	6	0	50	50	1000
97	8	500	0	24	-2859	0	50	0	NA
98	8	742	0	-6	-2859	0	50	0	NA
99	8	742	0	24	-2859	0	50	0	NA
100	12	742	500	24	-6	0	50	50	1100
101	8	742	0	24	-2859	0	50	0	NA
102	12	742	500	-24	6	0	50	50	1000
103	12	742	500	-24	6	0	50	50	NA
104	12	742	1632	24	-6	0	50	50	NA
105	12	1632	742	24	-6	0	50	50	NA
106	12	742	1632	-24	6	0	50	50	NA
107	8	1632	0	-6	-2859	0	50	0	NA
108	12	500	742	-24	6	0	50	50	NA
109	8	1632	0	-6	-2859	0	50	0	NA
110	8	742	0	6	-2859	0	50	0	NA
111	12	500	742	-24	6	0	50	50	NA
112	8	500	0	-6	-2859	0	50	0	NA
113	12	742	500	24	-6	0	50	50	1000
114	12	742	1632	24	-6	0	50	50	1000
115	8	1632	0	24	-2859	0	50	0	NA
116	8	500	0	-6	-2859	0	50	0	NA
117	12	1632	742	-24	6	0	50	50	1100
118	12	500	742	24	-6	0	50	50	NA
119	8	500	0	-24	-2859	0	50	0	NA
120	12	742	500	-24	6	0	50	50	NA
121	12	500	742	24	-6	0	50	50	1000
122	12	742	500	-24	6	0	50	50	NA
123	8	1632	0	24	-2859	1	50	0	1000
124	8	1632	0	-6	-2859	0	50	0	1100
125	12	1632	742	-24	6	0	50	50	1000
126	12	500	742	-24	6	0	50	50	NA
127	8	500	0	24	-2859	0	50	0	NA
128	8	1632	0	-6	-2859	0	50	0	1000
129	8	742	0	24	-2859	0	50	0	NA
130	12	1632	742	24	-6	0	50	50	NA
131	8	1632	0	6	-2859	0	50	0	NA
132	8	742	0	6	-2859	0	50	0	NA
133	12	742	500	-24	6	0	50	50	NA
134	12	742	1632	24	-6	0	50	50	NA
135	12	1632	742	24	-6	0	50	50	1000
136	8	742	0	24	-2859	0	50	0	NA
137	8	500	0	6	-2859	0	50	0	NA
138	12	742	1632	24	-6	0	50	50	NA
139	12	742	1632	-24	6	1	50	50	1100
140	8	500	0	-24	-2859	0	50	0	1000
141	12	1632	742	24	-6	0	50	50	NA
142	12	742	1632	24	-6	0	50	50	NA
143	8	500	0	-24	-2859	0	50	0	NA
144	12	500	742	24	-6	0	50	50	NA
145	8	500	0	6	-2859	0	50	0	1000
146	8	742	0	-6	-2859	0	50	0	NA
147	8	742	0	-6	-2859	0	50	0	NA
148	8	1632	0	6	-2859	0	50	0	NA
149	8	1632	0	-6	-2859	0	50	0	NA
150	12	500	742	-24	6	0	50	50	NA
151	8	500	0	-6	-2859	0	50	0	NA
152	12	500	742	-24	6	0	50	50	1000
153	12	742	1632	-24	6	0	50	50	1100
154	8	1632	0	6	-2859	0	50	0	NA
155	12	742	1632	-24	6	0	50	50	NA
156	8	500	0	6	-2859	0	50	0	NA
157	8	742	0	-6	-2859	0	50	0	NA
158	8	742	0	-6	-2859	0	50	0	NA
159	8	742	0	24	-2859	0	50	0	NA
160	12	742	1632	-24	6	0	50	50	NA
161	8	500	0	-6	-2859	0	50	0	NA
162	8	1632	0	-6	-2859	0	50	0	NA
163	8	500	0	-6	-2859	0	50	0	NA
164	8	1632	0	6	-2859	0	50	0	1100
165	8	500	0	-6	-2859	0	50	0	NA
166	8	742	0	-6	-2859	1	50	0	1000
167	12	1632	742	-24	6	0	50	50	1000
168	8	742	0	24	-2859	0	50	0	NA
169	8	1632	0	-24	-2859	0	50	0	1000
170	12	742	500	24	-6	0	50	50	NA
171	12	1632	742	-24	6	0	50	50	1000
172	12	1632	742	-24	6	0	50	50	NA
173	12	500	742	24	-6	0	50	50	NA
174	8	500	0	-6	-2859	0	50	0	NA
175	8	500	0	24	-2859	0	50	0	NA
176	12	742	1632	24	-6	0	50	50	NA
177	12	742	1632	-24	6	0	50	50	NA
178	8	1632	0	24	-2859	0	50	0	NA
179	8	500	0	-24	-2859	0	50	0	1000
180	12	500	742	24	-6	0	50	50	NA
181	12	1632	742	24	-6	0	50	50	NA
182	12	742	1632	24	-6	0	50	50	1100
183	12	1632	742	24	-6	0	50	50	NA
184	8	500	0	6	-2859	0	50	0	NA
185	12	742	500	24	-6	0	50	50	NA
186	8	742	0	-6	-2859	0	50	0	NA
187	8	742	0	-24	-2859	0	50	0	NA
188	12	500	742	24	-6	0	50	50	NA
189	12	1632	742	-24	6	0	50	50	1000
190	12	500	742	24	-6	0	50	50	1100
191	8	1632	0	24	-2859	0	50	0	NA
192	8	742	0	6	-2859	0	50	0	1000
193	12	742	1632	24	-6	0	50	50	1000
194	8	1632	0	24	-2859	0	50	0	NA
195	8	1632	0	6	-2859	1	50	0	1100
196	12	742	500	-24	6	0	50	50	NA
197	8	1632	0	6	-2859	0	50	0	NA
198	8	1632	0	6	-2859	0	50	0	1000
199	8	742	0	-24	-2859	0	50	0	1000
200	8	500	0	-6	-2859	0	50	0	1000
201	12	1632	742	-24	6	0	50	50	1000
202	8	742	0	6	-2859	0	50	0	NA
203	12	500	742	24	-6	0	50	50	NA
204	8	742	0	24	-2859	0	50	0	1000
205	12	742	1632	-24	6	0	50	50	1000
206	8	500	0	6	-2859	1	50	0	1100
207	12	1632	742	24	-6	0	50	50	NA
208	8	500	0	24	-2859	0	50	0	1100
209	8	1632	0	-6	-2859	0	50	0	1000
210	12	742	1632	-24	6	0	50	50	NA
211	12	742	500	24	-6	0	50	50	NA
212	12	1632	742	-24	6	0	50	50	NA
213	12	742	500	24	-6	0	50	50	1000
214	12	1632	742	24	-6	0	50	50	1100
215	8	500	0	-24	-2859	0	50	0	1100
216	8	500	0	-24	-2859	0	50	0	1000
217	12	742	500	-24	6	0	50	50	NA
218	8	500	0	-24	-2859	0	50	0	NA
219	8	742	0	24	-2859	0	50	0	1000
220	8	1632	0	-24	-2859	0	50	0	1100
221	8	1632	0	-24	-2859	0	50	0	NA
222	8	1632	0	6	-2859	0	50	0	NA
223	12	500	742	-24	6	0	50	50	NA
224	12	742	500	24	-6	0	50	50	NA
225	8	500	0	-24	-2859	0	50	0	NA
226	8	742	0	-6	-2859	0	50	0	NA
227	12	742	1632	-24	6	0	50	50	1000
228	12	742	500	24	-6	1	50	50	1000
229	8	742	0	-6	-2859	0	50	0	1100
230	8	1632	0	6	-2859	1	50	0	1000
231	8	1632	0	-6	-2859	0	50	0	NA
232	8	1632	0	-24	-2859	0	50	0	1000
233	12	1632	742	24	-6	0	50	50	1100
234	12	500	742	24	-6	0	50	50	NA
235	12	742	1632	24	-6	0	50	50	1100
236	8	742	0	24	-2859	0	50	0	NA
237	12	742	500	-24	6	0	50	50	NA
238	12	742	1632	24	-6	0	50	50	1100
239	8	500	0	6	-2859	0	50	0	1000
240	12	742	1632	-24	6	1	50	50	1000
241	12	742	1632	24	-6	0	50	50	NA
242	12	742	500	24	-6	0	50	50	NA
243	8	742	0	24	-2859	0	50	0	NA
244	8	742	0	6	-2859	0	50	0	NA
245	12	1632	742	24	-6	0	50	50	1000
246	12	742	500	-24	6	0	50	50	NA
247	8	500	0	-6	-2859	0	50	0	NA
248	12	500	742	24	-6	0	50	50	NA
249	8	500	0	6	-2859	0	50	0	NA
250	8	1632	0	24	-2859	0	50	0	NA
251	12	742	500	-24	6	0	50	50	NA
252	12	1632	742	24	-6	0	50	50	NA
253	8	500	0	24	-2859	0	50	0	NA
254	12	742	1632	24	-6	0	50	50	NA
255	8	500	0	-24	-2859	0	50	0	NA
256	8	500	0	24	-2859	0	50	0	NA
257	8	500	0	-24	-2859	0	50	0	NA
258	8	742	0	6	-2859	0	50	0	NA
259	8	1632	0	-6	-2859	0	50	0	1000
260	12	500	742	-24	6	0	50	50	NA
261	8	742	0	24	-2859	0	50	0	NA
262	8	1632	0	-6	-2859	0	50	0	NA
263	12	1632	742	24	-6	0	50	50	1000
264	8	742	0	-6	-2859	0	50	0	1000
265	8	1632	0	24	-2859	1	50	0	1100
266	12	500	742	-24	6	0	50	50	1100
267	12	742	500	24	-6	0	50	50	1000
268	8	742	0	-24	-2859	0	50	0	1000
269	8	742	0	-24	-2859	0	50	0	NA
270	8	1632	0	-6	-2859	0	50	0	NA
271	12	742	1632	-24	6	0	50	50	1000
272	12	742	500	-24	6	0	50	50	NA
273	8	1632	0	24	-2859	0	50	0	NA
274	12	500	742	-24	6	0	50	50	1000
275	8	1632	0	6	-2859	0	50	0	NA
276	12	742	500	-24	6	0	50	50	NA
277	8	500	0	24	-2859	0	50	0	NA
278	12	742	500	-24	6	0	50	50	NA
279	8	742	0	-24	-2859	0	50	0	1100
280	8	500	0	-6	-2859	0	50	0	NA
281	8	500	0	6	-2859	0	50	0	NA
282	8	742	0	24	-2859	0	50	0	1000
283	8	500	0	-24	-2859	0	50	0	NA
284	12	1632	742	24	-6	0	50	50	NA
285	8	500	0	6	-2859	0	50	0	NA
286	12	742	500	-24	6	0	50	50	1100
287	8	742	0	24	-2859	0	50	0	NA
288	8	1632	0	-6	-2859	0	50	0	1100
289	12	1632	742	-24	6	0	50	50	NA
290	12	742	500	24	-6	0	50	50	NA
291	12	742	1632	-24	6	0	50	50	NA
292	12	742	1632	24	-6	0	50	50	NA
293	8	1632	0	-24	-2859	0	50	0	1000
294	12	500	742	-24	6	0	50	50	NA
295	12	500	742	24	-6	0	50	50	NA
296	8	1632	0	6	-2859	0	50	0	NA
297	8	742	0	6	-2859	0	50	0	NA
298	12	742	500	24	-6	0	50	50	NA
299	8	742	0	-24	-2859	0	50	0	NA
300	8	500	0	6	-2859	0	50	0	1100
301	12	500	742	-24	6	0	50	50	NA
302	12	742	500	24	-6	0	50	50	1000
303	8	500	0	24	-2859	0	50	0	NA
304	8	500	0	6	-2859	0	50	0	1000
305	8	500	0	-24	-2859	0	50	0	1100
306	12	742	500	24	-6	0	50	50	NA
307	12	742	500	24	-6	0	50	50	NA
308	8	500	0	6	-2859	0	50	0	NA
309	8	742	0	24	-2859	0	50	0	NA
310	8	500	0	6	-2859	0	50	0	NA
311	8	742	0	24	-2859	0	50	0	NA
312	8	1632	0	-24	-2859	0	50	0	NA
313	8	1632	0	-6	-2859	0	50	0	NA
314	12	500	742	-24	6	0	50	50	NA
315	12	742	500	-24	6	0	50	50	NA
316	12	1632	742	-24	6	0	50	50	NA
317	12	500	742	24	-6	0	50	50	NA
318	12	1632	742	-24	6	0	50	50	1000
319	12	1632	742	-24	6	0	50	50	1100
320	12	1632	742	24	-6	0	50	50	NA
321	8	742	0	-6	-2859	0	50	0	1000
322	8	1632	0	-6	-2859	0	50	0	1000
323	12	500	742	24	-6	0	50	50	NA
324	8	1632	0	-6	-2859	0	50	0	NA
325	8	1632	0	6	-2859	0	50	0	1000
326	8	500	0	24	-2859	0	50	0	1000
327	12	500	742	24	-6	0	50	50	NA
328	8	500	0	-6	-2859	0	50	0	NA
329	12	742	500	24	-6	0	50	50	1000
330	8	742	0	6	-2859	0	50	0	1000
331	12	742	1632	-24	6	0	50	50	NA
332	8	1632	0	24	-2859	0	50	0	1100
333	12	500	742	-24	6	0	50	50	NA
334	12	500	742	-24	6	1	50	50	1000
335	8	1632	0	24	-2859	0	50	0	1000
336	12	742	500	-24	6	0	50	50	1100
337	12	500	742	-24	6	0	50	50	NA
338	8	500	0	6	-2859	0	50	0	NA
339	12	1632	742	24	-6	0	50	50	NA
340	8	742	0	-6	-2859	0	50	0	NA
341	8	742	0	-24	-2859	0	50	0	NA
342	12	1632	742	24	-6	0	50	50	NA
343	8	742	0	-6	-2859	0	50	0	NA
344	8	742	0	24	-2859	0	50	0	NA
345	8	1632	0	6	-2859	0	50	0	NA
346	12	742	1632	-24	6	0	50	50	NA
347	8	500	0	-6	-2859	0	50	0	NA
348	12	742	1632	24	-6	0	50	50	1000
349	12	742	1632	-24	6	0	50	50	1000
350	12	742	500	24	-6	0	50	50	NA
351	8	742	0	6	-2859	0	50	0	NA
352	8	500	0	-24	-2859	0	50	0	NA
353	12	500	742	24	-6	0	50	50	NA
354	12	742	1632	-24	6	0	50	50	NA
355	12	1632	742	-24	6	0	50	50	1000
356	8	1632	0	-24	-2859	0	50	0	NA
357	8	500	0	24	-2859	0	50	0	NA
358	8	742	0	-24	-2859	0	50	0	NA
359	8	1632	0	-6	-2859	0	50	0	1000
360	12	1632	742	24	-6	0	50	50	1100
361	12	742	500	-24	6	0	50	50	1000
362	12	500	742	-24	6	0	50	50	1000
363	12	1632	742	24	-6	1	50	50	1100
364	8	1632	0	24	-2859	0	50	0	1000
365	12	500	742	-24	6	0	50	50	1000
366	8	1632	0	-24	-2859	1	50	0	1000
367	12	1632	742	24	-6	1	50	50	1000
368	8	500	0	6	-2859	0	50	0	1100
369	12	742	1632	-24	6	0	50	50	1100
370	12	1632	742	24	-6	0	50	50	1000
371	8	500	0	-6	-2859	0	50	0	1000
372	12	500	742	-24	6	0	50	50	1100
373	12	1632	742	24	-6	0	50	50	1000
374	8	742	0	24	-2859	0	50	0	NA
375	8	1632	0	-6	-2859	0	50	0	NA
376	8	1632	0	24	-2859	0	50	0	NA
377	8	500	0	6	-2859	0	50	0	NA
378	12	500	742	24	-6	0	50	50	1000
379	8	742	0	-6	-2859	0	50	0	1000
380	12	1632	742	24	-6	0	50	50	NA
381	8	742	0	24	-2859	0	50	0	1000
382	12	742	1632	24	-6	0	50	50	1000
383	12	742	500	-24	6	0	50	50	1100
384	12	500	742	-24	6	0	50	50	NA
385	12	742	500	-24	6	0	50	50	NA
386	8	500	0	-6	-2859	0	50	0	1100
387	12	500	742	-24	6	0	50	50	NA
388	8	500	0	24	-2859	0	50	0	NA
389	8	742	0	24	-2859	0	50	0	NA
390	8	500	0	24	-2859	0	50	0	NA
391	12	742	500	24	-6	0	50	50	NA
392	12	500	742	24	-6	0	50	50	NA
393	8	500	0	-24	-2859	0	50	0	NA
394	12	500	742	24	-6	0	50	50	NA
395	12	500	742	-24	6	0	50	50	NA
396	12	742	500	-24	6	0	50	50	NA
397	12	742	500	-24	6	0	50	50	NA
398	12	742	500	24	-6	0	50	50	NA
399	12	742	500	-24	6	0	50	50	1000
400	8	742	0	6	-2859	0	50	0	NA
401	8	500	0	-24	-2859	0	50	0	NA
402	12	500	742	-24	6	0	50	50	NA
403	8	742	0	6	-2859	0	50	0	NA
404	12	500	742	24	-6	0	50	50	1000
405	8	742	0	-6	-2859	0	50	0	NA
406	12	500	742	24	-6	0	50	50	1100
407	8	500	0	6	-2859	0	50	0	1000
408	12	742	500	-24	6	0	50	50	NA
409	12	742	500	-24	6	0	50	50	NA
410	12	742	500	-24	6	1	50	50	1000
411	8	742	0	-6	-2859	0	50	0	NA
412	12	500	742	24	-6	0	50	50	NA
413	12	500	742	-24	6	0	50	50	1000
414	8	742	0	-24	-2859	1	50	0	1000
415	12	742	500	-24	6	0	50	50	1100
416	8	742	0	24	-2859	0	50	0	NA
417	12	500	742	-24	6	0	50	50	NA
418	12	742	500	24	-6	0	50	50	NA
419	8	500	0	-24	-2859	0	50	0	NA
420	12	742	500	24	-6	0	50	50	NA
421	8	500	0	24	-2859	0	50	0	NA
422	12	500	742	24	-6	0	50	50	NA
423	8	500	0	-24	-2859	0	50	0	NA
424	8	500	0	-6	-2859	0	50	0	1000
425	8	742	0	6	-2859	0	50	0	1100
426	8	742	0	-24	-2859	0	50	0	1000
427	8	742	0	-6	-2859	0	50	0	NA
428	12	500	742	24	-6	0	50	50	1000
429	8	500	0	-24	-2859	0	50	0	NA
430	8	742	0	6	-2859	0	50	0	1100
431	12	742	500	24	-6	0	50	50	NA
432	12	742	500	24	-6	0	50	50	1100
433	8	742	0	24	-2859	0	50	0	NA
434	8	500	0	6	-2859	0	50	0	NA
435	8	742	0	24	-2859	0	50	0	1000
436	12	500	742	24	-6	0	50	50	NA
437	8	500	0	24	-2859	0	50	0	NA
438	8	500	0	-6	-2859	0	50	0	NA
439	12	500	742	-24	6	0	50	50	1000
440	8	500	0	-6	-2859	0	50	0	1100
441	8	500	0	24	-2859	0	50	0	NA
442	12	500	742	-24	6	0	50	50	1100
443	8	742	0	24	-2859	0	50	0	NA
444	8	500	0	6	-2859	0	50	0	NA
445	12	742	500	-24	6	0	50	50	1000
446	12	742	500	-24	6	0	50	50	1000
447	8	500	0	-6	-2859	0	50	0	NA
448	12	500	742	-24	6	0	50	50	NA
449	12	500	742	-24	6	0	50	50	NA
450	8	500	0	-24	-2859	0	50	0	NA
451	12	742	500	-24	6	0	50	50	NA
452	12	500	742	-24	6	0	50	50	1100
453	8	742	0	6	-2859	0	50	0	NA
454	8	742	0	24	-2859	0	50	0	1000
455	12	500	742	-24	6	1	50	50	1000
456	8	500	0	-6	-2859	0	50	0	1000
457	12	742	500	-24	6	0	50	50	1100
458	12	742	500	-24	6	0	50	50	NA
459	12	742	500	-24	6	0	50	50	NA
460	8	742	0	-24	-2859	0	50	0	NA
461	12	500	742	-24	6	0	50	50	1000
462	12	742	500	24	-6	0	50	50	NA
463	8	500	0	-24	-2859	0	50	0	NA
464	8	500	0	6	-2859	0	50	0	NA
465	12	500	742	-24	6	0	50	50	NA
466	12	500	742	24	-6	0	50	50	NA
467	8	742	0	-6	-2859	1	50	0	1000
468	12	742	500	24	-6	0	50	50	NA
469	8	500	0	6	-2859	0	50	0	NA
470	8	742	0	6	-2859	0	50	0	NA
471	12	500	742	-24	6	0	50	50	1100
472	8	742	0	-24	-2859	1	50	0	1100
473	8	742	0	-6	-2859	1	50	0	1000
474	12	500	742	24	-6	1	50	50	1000
475	8	742	0	24	-2859	0	50	0	1100
476	12	500	742	-24	6	0	50	50	1000
477	12	500	742	-24	6	0	50	50	NA
478	12	500	742	-24	6	0	50	50	NA
479	8	500	0	6	-2859	0	50	0	NA
480	12	500	742	-24	6	0	50	50	NA
481	8	500	0	24	-2859	0	50	0	NA
482	12	500	742	24	-6	0	50	50	NA
483	12	500	742	-24	6	1	50	50	1000
484	12	742	500	-24	6	1	50	50	1000
485	12	742	500	-24	6	1	50	50	1100
486	8	742	0	-6	-2859	0	50	0	NA
487	8	500	0	-24	-2859	0	50	0	NA
488	8	500	0	24	-2859	0	50	0	NA
489	8	500	0	-24	-2859	0	50	0	NA
490	12	500	742	-24	6	0	50	50	1100
491	8	742	0	-24	-2859	0	50	0	NA
492	8	742	0	24	-2859	0	50	0	NA
493	8	742	0	24	-2859	0	50	0	NA
494	8	742	0	-6	-2859	0	50	0	NA
495	12	500	742	-24	6	0	50	50	NA
496	12	500	742	24	-6	0	50	50	NA
497	8	742	0	-6	-2859	0	50	0	NA
498	8	742	0	6	-2859	0	50	0	NA
499	12	500	742	24	-6	0	50	50	NA
500	12	500	742	24	-6	0	50	50	1000
501	12	500	742	24	-6	0	50	50	1100
502	8	742	0	6	-2859	0	50	0	1000
503	8	500	0	6	-2859	0	50	0	1000
504	8	500	0	-24	-2859	0	50	0	1000
505	12	742	500	-24	6	0	50	50	1000
506	12	742	500	-24	6	0	50	50	1000
507	12	742	500	24	-6	0	50	50	NA
508	12	742	500	24	-6	0	50	50	NA
509	8	742	0	-24	-2859	0	50	0	NA
510	8	742	0	24	-2859	1	50	0	1000
511	8	742	0	24	-2859	1	50	0	1000
512	8	500	0	-24	-2859	0	50	0	NA
513	8	500	0	6	-2859	0	50	0	NA
514	8	742	0	-6	-2859	0	50	0	1100
515	8	500	0	-24	-2859	0	50	0	NA
516	8	742	0	24	-2859	0	50	0	NA
517	8	500	0	6	-2859	0	50	0	NA
518	8	742	0	-6	-2859	0	50	0	NA
519	12	742	500	24	-6	0	50	50	NA
520	12	742	500	24	-6	0	50	50	NA
521	8	500	0	-24	-2859	0	50	0	NA
522	8	500	0	24	-2859	0	50	0	NA
523	8	500	0	-6	-2859	0	50	0	NA
524	12	742	500	24	-6	0	50	50	1000
525	8	742	0	-6	-2859	0	50	0	NA
526	12	500	742	-24	6	0	50	50	1000
527	12	500	742	-24	6	0	50	50	1000
528	12	500	742	-24	6	0	50	50	1000
529	8	742	0	-24	-2859	0	50	0	1100
530	8	500	0	-24	-2859	0	50	0	NA
531	8	500	0	-6	-2859	0	50	0	1100
532	8	500	0	24	-2859	0	50	0	1000
533	12	500	742	24	-6	0	50	50	1000
534	8	742	0	24	-2859	0	50	0	1100
535	12	500	742	24	-6	0	50	50	1000
536	8	742	0	-24	-2859	0	50	0	1100
537	8	742	0	24	-2859	0	50	0	1000
538	12	742	500	24	-6	0	50	50	1000
539	12	500	742	24	-6	0	50	50	NA
540	8	500	0	-24	-2859	0	50	0	NA
541	12	500	742	-24	6	0	50	50	NA
542	8	742	0	6	-2859	0	50	0	1000
543	8	500	0	24	-2859	0	50	0	1000
544	8	500	0	-6	-2859	0	50	0	1100
545	8	500	0	-24	-2859	0	50	0	NA
546	12	742	500	24	-6	0	50	50	NA
547	12	500	742	-24	6	0	50	50	1100
548	12	500	742	-24	6	0	50	50	NA
549	12	742	500	-24	6	0	50	50	NA
550	8	742	0	-24	-2859	0	50	0	NA
551	8	500	0	-24	-2859	0	50	0	1000
552	8	742	0	-24	-2859	0	50	0	1000
553	12	742	500	-24	6	0	50	50	NA
554	8	500	0	24	-2859	0	50	0	NA
555	8	742	0	24	-2859	0	50	0	NA
556	12	500	742	-24	6	0	50	50	NA
557	8	500	0	24	-2859	0	50	0	1000
558	8	500	0	24	-2859	1	50	0	1000
559	8	742	0	-6	-2859	0	50	0	NA
560	8	500	0	6	-2859	0	50	0	NA
561	8	500	0	-6	-2859	0	50	0	1100
562	8	500	0	-24	-2859	0	50	0	1000
563	12	500	742	24	-6	0	50	50	1000
564	8	742	0	24	-2859	0	50	0	1100
565	8	500	0	-6	-2859	0	50	0	NA
566	12	500	742	24	-6	0	50	50	NA
567	8	742	0	-6	-2859	0	50	0	1000
568	12	742	500	-24	6	0	50	50	NA
569	8	500	0	-24	-2859	0	50	0	NA
570	12	500	742	-24	6	0	50	50	NA
571	8	500	0	-6	-2859	0	50	0	NA
572	8	500	0	-24	-2859	0	50	0	NA
573	12	500	742	-24	6	0	50	50	NA
574	12	742	500	-24	6	0	50	50	NA
575	8	742	0	6	-2859	1	50	0	1000
576	8	500	0	6	-2859	0	50	0	NA
577	12	742	500	24	-6	0	50	50	1100
578	8	500	0	-6	-2859	0	50	0	NA
579	8	500	0	-24	-2859	0	50	0	NA
580	8	500	0	-6	-2859	0	50	0	1000
581	12	500	742	-24	6	0	50	50	NA
582	8	742	0	-6	-2859	0	50	0	1100
583	12	742	500	24	-6	0	50	50	NA
584	8	742	0	-24	-2859	0	50	0	NA
585	8	500	0	-6	-2859	0	50	0	NA
586	8	742	0	6	-2859	0	50	0	1000
587	12	742	500	24	-6	0	50	50	1100
588	8	500	0	6	-2859	0	50	0	NA
589	12	742	500	24	-6	0	50	50	1000
590	12	500	742	-24	6	0	50	50	NA
591	8	500	0	-24	-2859	0	50	0	1000
592	12	500	742	24	-6	0	50	50	1000
593	12	500	742	24	-6	0	50	50	NA
594	12	500	742	-24	6	0	50	50	NA
595	12	500	742	-24	6	0	50	50	1000
596	8	742	0	6	-2859	0	50	0	1100
597	12	742	500	24	-6	0	50	50	1000
598	8	742	0	24	-2859	0	50	0	1000
599	12	742	500	24	-6	0	50	50	NA
600	12	742	500	24	-6	0	50	50	1100
601	8	500	0	6	-2859	0	50	0	1100
602	8	742	0	24	-2859	0	50	0	1000
603	8	742	0	24	-2859	0	50	0	1000
604	8	742	0	6	-2859	0	50	0	NA
605	8	742	0	-6	-2859	0	50	0	1000
606	12	500	742	24	-6	0	50	50	1000
607	8	500	0	-6	-2859	0	50	0	1000
608	12	500	742	24	-6	0	50	50	NA
609	12	500	742	-24	6	0	50	50	NA
610	12	500	742	-24	6	0	50	50	NA
611	8	500	0	24	-2859	1	50	0	1000
612	12	500	742	-24	6	0	50	50	1000
613	8	500	0	24	-2859	0	50	0	1000
614	8	500	0	6	-2859	0	50	0	NA
615	8	500	0	24	-2859	0	50	0	NA
616	8	742	0	6	-2859	0	50	0	1100
617	12	742	500	24	-6	1	50	50	1000
618	8	500	0	24	-2859	1	50	0	1100
619	12	742	500	24	-6	0	50	50	NA
620	12	742	500	-24	6	0	50	50	1000
621	12	500	742	-24	6	0	50	50	1000
622	8	500	0	-6	-2859	0	50	0	1000
623	8	742	0	24	-2859	0	50	0	1100
624	8	500	0	6	-2859	0	50	0	1100
625	8	742	0	6	-2859	0	50	0	1100
626	12	742	500	24	-6	0	50	50	1000
627	8	742	0	24	-2859	0	50	0	NA
628	12	500	742	-24	6	0	50	50	NA
629	8	742	0	-24	-2859	0	50	0	NA
630	8	500	0	-6	-2859	0	50	0	NA
631	8	500	0	-24	-2859	0	50	0	NA
632	8	742	0	6	-2859	1	50	0	1000
633	8	500	0	24	-2859	0	50	0	NA
634	8	742	0	24	-2859	0	50	0	1100
635	8	742	0	-6	-2859	0	50	0	NA
636	12	500	742	24	-6	0	50	50	NA
637	12	742	500	-24	6	0	50	50	NA
638	12	500	742	-24	6	0	50	50	NA
639	8	500	0	-6	-2859	0	50	0	NA
640	8	742	0	6	-2859	0	50	0	NA
641	12	500	742	24	-6	0	50	50	NA
642	12	742	500	-24	6	0	50	50	NA
643	12	500	742	-24	6	0	50	50	NA
644	8	500	0	6	-2859	0	50	0	NA
645	8	742	0	6	-2859	0	50	0	NA
646	12	742	500	24	-6	0	50	50	NA
647	8	742	0	6	-2859	0	50	0	NA
648	8	500	0	6	-2859	0	50	0	NA
649	12	742	500	24	-6	0	50	50	NA
650	12	500	742	24	-6	0	50	50	1000
651	8	500	0	6	-2859	0	50	0	1000
652	8	742	0	24	-2859	0	50	0	NA
653	8	500	0	-6	-2859	0	50	0	1000
654	12	742	500	24	-6	0	50	50	1000
655	8	500	0	24	-2859	0	50	0	NA
656	12	742	500	24	-6	0	50	50	NA
657	8	500	0	24	-2859	0	50	0	NA
658	8	500	0	-24	-2859	0	50	0	NA
659	8	742	0	6	-2859	1	50	0	1000
660	12	500	742	-24	6	0	50	50	1000
661	12	500	742	24	-6	0	50	50	NA
662	8	742	0	24	-2859	0	50	0	NA
663	8	500	0	6	-2859	0	50	0	1000
664	8	742	0	24	-2859	0	50	0	NA
665	12	742	500	-24	6	0	50	50	NA
666	12	500	742	24	-6	0	50	50	NA
667	12	742	500	-24	6	0	50	50	NA
668	8	742	0	-6	-2859	0	50	0	NA
669	8	742	0	24	-2859	0	50	0	NA
670	8	500	0	-6	-2859	0	50	0	NA
671	12	500	742	24	-6	0	50	50	1000
672	8	742	0	24	-2859	0	50	0	NA
673	12	742	500	-24	6	0	50	50	NA
674	8	500	0	6	-2859	0	50	0	NA
675	12	500	742	24	-6	0	50	50	NA
676	12	500	742	24	-6	0	50	50	1000
677	8	500	0	-6	-2859	0	50	0	1100
678	12	500	742	-24	6	0	50	50	1000
679	12	500	742	-24	6	0	50	50	1000
680	8	742	0	-6	-2859	0	50	0	NA
681	12	742	500	24	-6	0	50	50	1100
682	8	742	0	-24	-2859	0	50	0	NA
683	8	500	0	-24	-2859	0	50	0	NA
684	12	500	742	-24	6	0	50	50	1000
685	8	742	0	24	-2859	0	50	0	NA
686	12	742	500	24	-6	0	50	50	1100
687	12	742	500	24	-6	0	50	50	1100
688	12	500	742	24	-6	0	50	50	1000
689	12	500	742	-24	6	0	50	50	NA
690	8	500	0	-6	-2859	0	50	0	NA
691	8	500	0	24	-2859	1	50	0	1000
692	8	742	0	-6	-2859	0	50	0	1000
693	12	742	500	24	-6	0	50	50	1000
694	12	742	500	24	-6	0	50	50	1000
695	8	742	0	24	-2859	1	50	0	1100
696	12	742	500	-24	6	1	50	50	1000
697	12	742	500	-24	6	0	50	50	NA
698	8	500	0	-24	-2859	0	50	0	NA
699	12	500	742	-24	6	0	50	50	NA
700	8	742	0	-6	-2859	0	50	0	NA
701	8	500	0	24	-2859	1	50	0	1000
702	12	742	500	24	-6	0	50	50	1100
703	12	500	742	24	-6	1	50	50	1000
704	12	500	742	-24	6	0	50	50	NA
705	8	500	0	-24	-2859	0	50	0	NA
706	12	500	742	24	-6	0	50	50	NA
707	12	742	500	24	-6	0	50	50	NA
708	12	500	742	24	-6	1	50	50	1000
709	12	742	500	24	-6	1	50	50	1100
710	12	742	500	-24	6	0	50	50	NA
711	12	500	742	-24	6	0	50	50	NA
712	8	742	0	-24	-2859	1	50	0	1100
713	12	500	742	-24	6	0	50	50	NA
714	8	742	0	-6	-2859	0	50	0	1000
715	8	742	0	6	-2859	1	50	0	1000
716	12	742	500	-24	6	0	50	50	1100
717	12	500	742	24	-6	0	50	50	1000
718	12	742	500	24	-6	0	50	50	1100
719	12	742	500	-24	6	0	50	50	1000
720	12	500	742	24	-6	1	50	50	1000
721	8	742	0	-6	-2859	0	50	0	1100
722	12	742	500	24	-6	0	50	50	NA
723	12	742	500	24	-6	0	50	50	NA
724	8	742	0	-24	-2859	0	50	0	1000
725	8	500	0	-24	-2859	0	50	0	NA
726	8	500	0	-6	-2859	0	50	0	NA
727	12	742	500	-24	6	0	50	50	NA
728	12	742	500	-24	6	0	50	50	NA
729	8	742	0	-6	-2859	0	50	0	NA
730	12	500	742	24	-6	0	50	50	NA
731	8	742	0	24	-2859	1	50	0	1000
732	12	742	500	-24	6	0	50	50	NA
733	12	500	742	24	-6	1	50	50	1000
734	8	742	0	6	-2859	0	50	0	NA
735	8	742	0	6	-2859	0	50	0	NA
736	12	742	500	-24	6	0	50	50	1000
737	12	742	500	-24	6	0	50	50	1000
738	12	742	500	24	-6	0	50	50	NA
739	8	742	0	6	-2859	0	50	0	NA
740	8	742	0	-6	-2859	1	50	0	1000
741	8	500	0	-6	-2859	0	50	0	NA
742	8	742	0	-6	-2859	1	50	0	1100
743	12	500	742	-24	6	0	50	50	NA
744	12	500	742	-24	6	0	50	50	1100
745	12	500	742	-24	6	1	50	50	1000
746	12	742	500	-24	6	1	50	50	1000
747	8	742	0	24	-2859	0	50	0	NA
748	12	500	742	24	-6	0	50	50	NA
749	12	742	500	-24	6	1	50	50	1000
750	12	500	742	-24	6	0	50	50	1000
751	8	500	0	6	-2859	0	50	0	1100
752	12	500	742	-24	6	0	50	50	1100
753	8	500	0	-24	-2859	1	50	0	1000
754	12	500	742	-24	6	0	50	50	1000
755	8	742	0	-6	-2859	1	50	0	1000
756	8	742	0	6	-2859	1	50	0	1000
757	12	500	742	-24	6	0	50	50	1100
758	8	500	0	24	-2859	0	50	0	NA
759	12	742	500	24	-6	0	50	50	NA
760	8	742	0	6	-2859	0	50	0	NA
761	12	742	500	-24	6	0	50	50	NA
762	8	500	0	-24	-2859	0	50	0	NA
763	8	500	0	-24	-2859	0	50	0	NA
764	8	742	0	-6	-2859	0	50	0	NA
765	12	500	742	-24	6	1	50	50	1000
766	12	742	500	24	-6	1	50	50	1000
767	8	500	0	6	-2859	1	50	0	1000
768	12	742	500	-24	6	0	50	50	NA
769	12	742	500	-24	6	0	50	50	1000
770	12	500	742	-24	6	0	50	50	1100
771	12	500	742	24	-6	0	50	50	1100
772	8	742	0	6	-2859	1	50	0	1000
773	8	500	0	24	-2859	1	50	0	1000
774	8	742	0	-6	-2859	1	50	0	1000
775	12	500	742	-24	6	0	50	50	1100
776	12	742	500	24	-6	0	50	50	NA
777	12	500	742	24	-6	0	50	50	NA
778	8	742	0	24	-2859	0	50	0	1100
779	8	500	0	-24	-2859	0	50	0	NA
780	8	742	0	6	-2859	0	50	0	1000
781	12	500	742	-24	6	0	50	50	1100
782	12	742	500	-24	6	0	50	50	NA
783	12	742	500	24	-6	1	50	50	1000
784	12	742	500	-24	6	0	50	50	1000
785	8	742	0	-24	-2859	0	50	0	1000
786	12	742	500	-24	6	0	50	50	1100
787	12	500	742	24	-6	0	50	50	NA
788	12	742	500	-24	6	0	50	50	1000
789	8	500	0	24	-2859	0	50	0	1100
790	8	742	0	-24	-2859	0	50	0	NA
791	8	500	0	6	-2859	1	50	0	1000
792	12	742	500	24	-6	0	50	50	NA
793	12	500	742	24	-6	1	50	50	1000
794	12	742	500	-24	6	0	50	50	1100
795	12	500	742	-24	6	1	50	50	1100
796	8	500	0	-6	-2859	0	50	0	NA
797	8	742	0	-6	-2859	1	50	0	1000
798	8	742	0	6	-2859	1	50	0	1100
799	12	742	500	-24	6	0	50	50	1000
800	8	500	0	-6	-2859	0	50	0	NA
801	8	500	0	6	-2859	0	50	0	NA
802	12	742	500	24	-6	0	50	50	1000
803	8	742	0	-24	-2859	0	50	0	NA
804	8	742	0	6	-2859	0	50	0	NA
805	8	500	0	6	-2859	0	50	0	NA
806	12	500	742	-24	6	0	50	50	NA
807	12	742	500	-24	6	0	50	50	NA
808	12	500	742	24	-6	0	50	50	1100
809	8	500	0	-6	-2859	0	50	0	1000
810	8	742	0	6	-2859	0	50	0	1000
811	12	742	500	-24	6	0	50	50	NA
812	8	742	0	-24	-2859	0	50	0	1100
813	8	500	0	-6	-2859	0	50	0	1100
814	8	742	0	-6	-2859	0	50	0	NA
815	12	742	500	24	-6	0	50	50	1000
816	8	742	0	-24	-2859	0	50	0	NA
817	12	500	742	24	-6	0	50	50	NA
818	12	742	500	24	-6	0	50	50	1100
819	8	500	0	-6	-2859	0	50	0	NA
820	12	500	742	-24	6	0	50	50	NA
821	12	500	742	24	-6	0	50	50	NA
822	8	500	0	-24	-2859	0	50	0	NA
823	12	742	500	24	-6	0	50	50	1000
824	8	500	0	-6	-2859	0	50	0	1000
825	12	742	500	24	-6	0	50	50	1000
826	8	500	0	-6	-2859	0	50	0	1000
827	8	742	0	24	-2859	0	50	0	1100
828	12	742	500	24	-6	0	50	50	1100
829	12	742	500	24	-6	0	50	50	NA
830	12	500	742	24	-6	0	50	50	NA
831	8	742	0	-24	-2859	1	50	0	1000
832	12	500	742	-24	6	0	50	50	1000
833	12	500	742	-24	6	0	50	50	NA
834	8	500	0	6	-2859	0	50	0	NA
835	8	500	0	-24	-2859	0	50	0	NA
836	8	500	0	6	-2859	0	50	0	NA
837	8	742	0	24	-2859	0	50	0	NA
838	8	500	0	-6	-2859	0	50	0	NA
839	12	742	500	-24	6	0	50	50	1000
840	8	500	0	-24	-2859	0	50	0	1100
841	8	742	0	6	-2859	0	50	0	NA
842	8	500	0	-6	-2859	0	50	0	NA
843	12	500	742	-24	6	0	50	50	NA
844	12	742	500	-24	6	0	50	50	NA
845	12	742	500	-24	6	0	50	50	NA
846	12	500	742	24	-6	0	50	50	NA
847	12	742	500	24	-6	0	50	50	NA
848	12	500	742	-24	6	0	50	50	NA
849	12	500	742	-24	6	0	50	50	NA
850	8	500	0	24	-2859	0	50	0	1000
851	8	500	0	-24	-2859	0	50	0	1100
852	8	742	0	-6	-2859	0	50	0	1100
853	8	742	0	-6	-2859	0	50	0	1100
854	12	742	500	-24	6	0	50	50	NA
855	12	500	742	-24	6	0	50	50	1000
856	12	500	742	24	-6	0	50	50	NA
857	12	500	742	-24	6	0	50	50	NA
858	12	742	500	-24	6	0	50	50	NA
859	8	500	0	24	-2859	1	50	0	1000
860	12	742	500	-24	6	0	50	50	1100
861	12	500	742	24	-6	0	50	50	NA
862	12	500	742	24	-6	0	50	50	NA
863	12	500	742	-24	6	0	50	50	NA
864	8	742	0	-24	-2859	0	50	0	NA
865	8	742	0	-6	-2859	0	50	0	NA
866	12	742	500	24	-6	0	50	50	NA
867	12	500	742	24	-6	0	50	50	NA
868	8	500	0	6	-2859	0	50	0	1100
869	12	742	500	-24	6	0	50	50	1100
870	12	500	742	24	-6	1	50	50	1100
871	12	500	742	-24	6	1	50	50	1000
872	8	500	0	-6	-2859	0	50	0	NA
873	12	500	742	-24	6	0	50	50	NA
874	12	742	500	-24	6	0	50	50	NA
875	8	742	0	6	-2859	1	50	0	1100
876	8	500	0	-6	-2859	1	50	0	1100
877	8	742	0	24	-2859	0	50	0	1000
878	8	742	0	24	-2859	1	50	0	1000
879	8	742	0	24	-2859	0	50	0	NA
880	8	500	0	24	-2859	0	50	0	NA
881	12	500	742	-24	6	0	50	50	1000
882	8	500	0	6	-2859	0	50	0	1100
883	8	500	0	6	-2859	0	50	0	NA
884	8	500	0	-6	-2859	0	50	0	NA
885	12	500	742	24	-6	0	50	50	NA
886	8	742	0	-24	-2859	0	50	0	NA
887	8	500	0	24	-2859	0	50	0	NA
888	12	742	500	24	-6	0	50	50	NA
889	8	742	0	24	-2859	0	50	0	NA
890	12	500	742	-24	6	0	50	50	NA
891	12	742	500	-24	6	0	50	50	NA
892	8	742	0	24	-2859	0	50	0	1000
893	8	500	0	-24	-2859	0	50	0	1100
894	8	500	0	6	-2859	1	50	0	1000
895	8	500	0	-6	-2859	0	50	0	NA
896	12	500	742	24	-6	0	50	50	1100
897	8	742	0	-24	-2859	0	50	0	NA
898	12	742	500	24	-6	0	50	50	NA
899	8	742	0	6	-2859	0	50	0	NA
900	12	500	742	24	-6	0	50	50	1100
901	12	742	500	-24	6	0	50	50	NA
902	8	742	0	6	-2859	0	50	0	NA
903	12	500	742	24	-6	1	50	50	1000
904	8	742	0	-24	-2859	1	50	0	1000
905	12	742	500	24	-6	0	50	50	1000
906	12	742	500	24	-6	1	50	50	1000
907	8	742	0	-6	-2859	1	50	0	1000
908	8	742	0	6	-2859	1	50	0	1100
909	8	742	0	-24	-2859	1	50	0	1000
910	12	742	500	-24	6	0	50	50	1000
911	12	500	742	-24	6	1	50	50	1100
912	8	500	0	-6	-2859	1	50	0	1100
913	12	500	742	-24	6	0	50	50	1000
914	12	742	500	-24	6	0	50	50	1000
915	12	500	742	24	-6	0	50	50	1100
916	8	500	0	24	-2859	0	50	0	1000
917	12	742	500	24	-6	0	50	50	1000
918	8	742	0	-24	-2859	0	50	0	1100
919	12	742	500	-24	6	0	50	50	1000
920	12	500	742	-24	6	0	50	50	1000
921	8	500	0	-6	-2859	0	50	0	1000
922	12	500	742	-24	6	0	50	50	1000
923	8	500	0	-24	-2859	0	50	0	1100
924	12	500	742	-24	6	0	50	50	1000
925	8	742	0	-24	-2859	0	50	0	1000
926	8	500	0	6	-2859	0	50	0	NA
927	8	742	0	-6	-2859	0	50	0	NA
928	8	742	0	24	-2859	0	50	0	NA
929	12	500	742	24	-6	0	50	50	1100
930	12	500	742	-24	6	0	50	50	1100
931	12	742	500	24	-6	0	50	50	NA
932	8	742	0	6	-2859	0	50	0	1000
933	12	500	742	24	-6	0	50	50	NA
934	8	500	0	-24	-2859	1	50	0	1000
935	12	742	500	24	-6	0	50	50	1000
936	12	742	500	24	-6	0	50	50	NA
937	12	500	742	-24	6	0	50	50	NA
938	12	500	742	-24	6	0	50	50	NA
939	8	742	0	-6	-2859	0	50	0	1000
940	12	500	742	-24	6	0	50	50	NA
941	8	500	0	24	-2859	0	50	0	1000
942	12	742	500	24	-6	0	50	50	1100
943	8	500	0	6	-2859	0	50	0	1000
944	8	500	0	-24	-2859	0	50	0	1000
945	12	500	742	-24	6	0	50	50	NA
946	12	500	742	-24	6	0	50	50	NA
947	12	500	742	24	-6	0	50	50	1000
948	8	742	0	24	-2859	1	50	0	1000
949	8	742	0	-24	-2859	0	50	0	1000
950	8	500	0	6	-2859	0	50	0	1100
951	12	742	500	24	-6	0	50	50	1100
952	12	742	500	24	-6	0	50	50	NA
953	12	742	500	-24	6	0	50	50	1000
954	12	500	742	-24	6	0	50	50	NA
955	8	742	0	-6	-2859	0	50	0	NA
956	12	742	500	-24	6	0	50	50	NA
957	8	500	0	24	-2859	0	50	0	NA
958	8	500	0	24	-2859	0	50	0	1100
959	12	742	500	-24	6	0	50	50	NA
960	8	742	0	-6	-2859	0	50	0	1000
961	12	742	500	-24	6	0	50	50	NA
962	8	500	0	24	-2859	0	50	0	NA
963	8	500	0	6	-2859	0	50	0	NA
964	8	500	0	-6	-2859	0	50	0	1000
965	8	742	0	-6	-2859	0	50	0	1000
966	12	500	742	-24	6	0	50	50	1000
967	8	742	0	24	-2859	0	50	0	NA
968	12	500	742	24	-6	0	50	50	NA
969	12	500	742	-24	6	0	50	50	NA
970	8	500	0	24	-2859	0	50	0	1000
971	8	742	0	-6	-2859	0	50	0	NA
972	8	500	0	-24	-2859	0	50	0	1000
973	12	500	742	-24	6	0	50	50	1100
974	8	742	0	24	-2859	0	50	0	NA
975	12	742	500	24	-6	0	50	50	NA
976	12	742	500	-24	6	0	50	50	NA
977	8	742	0	-24	-2859	0	50	0	NA
978	8	500	0	-6	-2859	0	50	0	NA
979	8	742	0	6	-2859	1	50	0	1000
980	8	500	0	-6	-2859	0	50	0	1000
981	8	500	0	-24	-2859	0	50	0	NA
982	12	742	500	24	-6	0	50	50	1000
983	8	742	0	24	-2859	0	50	0	1100
984	8	742	0	6	-2859	0	50	0	1000
985	12	742	500	24	-6	0	50	50	1000
986	12	742	500	-24	6	0	50	50	NA
987	8	742	0	6	-2859	0	50	0	NA
988	8	500	0	24	-2859	0	50	0	NA
989	12	500	742	24	-6	1	50	50	1000
990	8	742	0	-24	-2859	0	50	0	1000
991	12	742	500	24	-6	0	50	50	NA
992	12	742	500	-24	6	0	50	50	NA
993	12	500	742	-24	6	0	50	50	NA
994	12	742	500	24	-6	0	50	50	NA
995	8	742	0	6	-2859	0	50	0	NA
996	12	742	500	-24	6	0	50	50	NA
997	12	500	742	-24	6	0	50	50	NA
998	8	500	0	-6	-2859	0	50	0	NA
999	8	500	0	24	-2859	0	50	0	1100
1000	12	500	742	24	-6	0	50	50	NA
1001	8	742	0	-24	-2859	0	50	0	1000
1002	12	500	742	24	-6	0	50	50	NA
1003	8	500	0	-6	-2859	0	50	0	NA
1004	12	742	500	24	-6	0	50	50	NA
1005	8	742	0	24	-2859	0	50	0	NA
1006	8	742	0	-6	-2859	0	50	0	NA
1007	12	500	742	-24	6	0	50	50	NA
1008	8	500	0	6	-2859	0	50	0	1000
1009	12	742	500	-24	6	0	50	50	NA
1010	8	742	0	24	-2859	0	50	0	NA
1011	12	500	742	-24	6	0	50	50	NA
1012	8	500	0	6	-2859	0	50	0	NA
1013	12	500	742	-24	6	0	50	50	NA
1014	8	742	0	-6	-2859	0	50	0	1000
1015	12	742	500	24	-6	0	50	50	NA
1016	12	742	500	24	-6	0	50	50	NA
1017	12	500	742	-24	6	0	50	50	NA
1018	8	500	0	-24	-2859	0	50	0	NA
1019	8	500	0	-24	-2859	0	50	0	1000
1020	8	500	0	24	-2859	0	50	0	1000
1021	8	742	0	24	-2859	0	50	0	NA
1022	12	742	500	24	-6	0	50	50	NA
1023	8	742	0	-6	-2859	0	50	0	NA
1024	12	742	500	-24	6	0	50	50	NA
1025	8	742	0	-6	-2859	0	50	0	NA
1026	12	742	500	-24	6	0	50	50	1000
1027	12	500	742	-24	6	0	50	50	NA
1028	12	500	742	24	-6	0	50	50	1000
1029	8	742	0	-6	-2859	0	50	0	1100
1030	8	500	0	-6	-2859	0	50	0	1000
1031	8	500	0	24	-2859	0	50	0	NA
1032	12	500	742	24	-6	0	50	50	NA
1033	8	500	0	-24	-2859	0	50	0	NA
1034	12	742	500	-24	6	0	50	50	1000
1035	12	500	742	24	-6	0	50	50	1100
1036	8	500	0	24	-2859	0	50	0	NA
1037	8	742	0	24	-2859	0	50	0	NA
1038	12	742	500	-24	6	0	50	50	1100
1039	8	500	0	-24	-2859	0	50	0	NA
1040	8	500	0	6	-2859	0	50	0	NA
1041	12	742	500	-24	6	0	50	50	NA
1042	12	500	742	24	-6	0	50	50	NA
1043	12	742	500	-24	6	0	50	50	NA
1044	8	500	0	24	-2859	0	50	0	1000
1045	8	500	0	24	-2859	0	50	0	NA
1046	8	742	0	-6	-2859	0	50	0	NA
1047	12	742	500	-24	6	0	50	50	NA
1048	8	742	0	24	-2859	0	50	0	1000
1049	8	742	0	24	-2859	0	50	0	NA
1050	12	500	742	24	-6	0	50	50	NA
1051	8	500	0	24	-2859	0	50	0	1000
1052	12	500	742	24	-6	0	50	50	1000
1053	8	500	0	-24	-2859	0	50	0	1100
1054	8	500	0	-6	-2859	0	50	0	NA
1055	12	742	500	24	-6	0	50	50	NA
1056	12	500	742	24	-6	0	50	50	NA
1057	12	742	500	-24	6	0	50	50	NA
1058	12	500	742	24	-6	0	50	50	NA
1059	8	742	0	24	-2859	0	50	0	1100
1060	12	500	742	-24	6	0	50	50	1100
1061	8	742	0	24	-2859	1	50	0	1000
1062	8	500	0	-6	-2859	0	50	0	1000
1063	12	500	742	24	-6	0	50	50	NA
1064	12	500	742	-24	6	0	50	50	NA
1065	12	500	742	-24	6	0	50	50	1100
1066	12	500	742	-24	6	0	50	50	1000
1067	12	742	500	24	-6	0	50	50	NA
1068	12	500	742	-24	6	0	50	50	NA
1069	12	742	500	24	-6	0	50	50	NA
1070	12	742	500	-24	6	0	50	50	NA
1071	12	742	500	-24	6	0	50	50	1000
1072	8	500	0	-24	-2859	0	50	0	NA
1073	8	500	0	-24	-2859	0	50	0	1000
1074	12	500	742	24	-6	0	50	50	NA
1075	8	742	0	24	-2859	0	50	0	1100
1076	12	500	742	24	-6	0	50	50	1000
1077	12	500	742	24	-6	0	50	50	1000
1078	8	742	0	-6	-2859	0	50	0	1000
1079	8	500	0	24	-2859	0	50	0	NA
1080	8	742	0	-6	-2859	0	50	0	NA
1081	12	500	742	24	-6	0	50	50	NA
1082	8	742	0	6	-2859	0	50	0	NA
1083	12	500	742	24	-6	0	50	50	NA
1084	8	500	0	-6	-2859	0	50	0	1100
1085	12	500	742	24	-6	0	50	50	NA
1086	12	500	742	24	-6	0	50	50	NA
1087	12	742	500	-24	6	0	50	50	NA
1088	8	742	0	6	-2859	0	50	0	NA
1089	12	742	500	24	-6	0	50	50	1000
1090	8	500	0	6	-2859	0	50	0	1000
1091	12	742	500	24	-6	0	50	50	NA
1092	8	742	0	-6	-2859	0	50	0	NA
1093	12	500	742	-24	6	0	50	50	1000
1094	12	500	742	-24	6	0	50	50	1000
1095	8	500	0	6	-2859	0	50	0	NA
1096	12	742	500	24	-6	0	50	50	1000
1097	12	500	742	-24	6	0	50	50	1000
1098	8	500	0	6	-2859	1	50	0	1000
1099	12	500	742	-24	6	0	50	50	NA
1100	12	500	742	-24	6	0	50	50	NA
1101	8	500	0	-6	-2859	0	50	0	1000
1102	8	742	0	6	-2859	0	50	0	1100
1103	12	742	500	24	-6	0	50	50	1100
1104	12	500	742	24	-6	0	50	50	1000
1105	12	500	742	-24	6	0	50	50	1000
1106	12	742	500	-24	6	0	50	50	1000
1107	8	500	0	-6	-2859	0	50	0	NA
1108	8	742	0	6	-2859	1	50	0	1100
1109	8	500	0	24	-2859	0	50	0	NA
1110	12	500	742	-24	6	0	50	50	NA
1111	12	742	500	24	-6	0	50	50	NA
1112	12	742	500	-24	6	0	50	50	NA
1113	12	742	500	-24	6	0	50	50	NA
1114	8	742	0	-6	-2859	0	50	0	NA
1115	12	742	500	-24	6	0	50	50	NA
1116	12	742	500	24	-6	0	50	50	NA
1117	8	742	0	6	-2859	0	50	0	1100
1118	12	500	742	-24	6	1	50	50	1100
1119	8	742	0	-6	-2859	0	50	0	NA
1120	8	742	0	24	-2859	0	50	0	1000
1121	12	500	742	-24	6	0	50	50	NA
1122	12	500	742	24	-6	0	50	50	1000
1123	12	742	500	-24	6	0	50	50	NA
1124	12	500	742	24	-6	0	50	50	1000
1125	8	500	0	-6	-2859	0	50	0	NA
1126	8	742	0	-6	-2859	0	50	0	1000
1127	8	500	0	24	-2859	0	50	0	1000
1128	8	742	0	6	-2859	0	50	0	NA
1129	12	500	742	24	-6	0	50	50	1100
1130	12	500	742	-24	6	0	50	50	1000
1131	12	742	500	-24	6	0	50	50	NA
1132	8	742	0	24	-2859	0	50	0	NA
1133	8	742	0	6	-2859	0	50	0	NA
1134	12	742	500	24	-6	0	50	50	NA
1135	12	500	742	-24	6	0	50	50	1000
1136	12	742	500	24	-6	0	50	50	1000
1137	12	500	742	24	-6	0	50	50	NA
1138	8	500	0	24	-2859	0	50	0	NA
1139	12	500	742	24	-6	0	50	50	1100
1140	12	742	500	-24	6	0	50	50	NA
1141	8	742	0	6	-2859	0	50	0	NA
1142	8	500	0	-6	-2859	0	50	0	1100
1143	12	742	500	-24	6	0	50	50	NA
1144	12	500	742	24	-6	0	50	50	1000
1145	8	500	0	24	-2859	0	50	0	1000
1146	12	500	742	-24	6	0	50	50	1000
1147	12	742	500	24	-6	0	50	50	1100
1148	12	500	742	-24	6	0	50	50	1000
1149	8	742	0	24	-2859	0	50	0	NA
1150	12	742	500	-24	6	1	50	50	1000
1151	8	500	0	-24	-2859	0	50	0	NA
1152	12	742	500	-24	6	0	50	50	1000
1153	12	500	742	24	-6	0	50	50	1000
1154	12	742	500	-24	6	0	50	50	1000
1155	8	500	0	-6	-2859	0	50	0	1100
1156	8	500	0	6	-2859	1	50	0	1100
1157	12	500	742	-24	6	0	50	50	1000
1158	8	500	0	24	-2859	0	50	0	NA
1159	12	742	500	24	-6	0	50	50	NA
1160	8	500	0	-6	-2859	0	50	0	NA
1161	8	500	0	-24	-2859	1	50	0	1000
1162	8	742	0	24	-2859	1	50	0	1100
1163	12	500	742	-24	6	0	50	50	NA
1164	8	500	0	6	-2859	0	50	0	NA
1165	12	742	500	-24	6	1	50	50	1100
1166	12	742	500	24	-6	1	50	50	1000
1167	12	500	742	24	-6	0	50	50	1000
1168	12	500	742	24	-6	0	50	50	NA
1169	8	500	0	-6	-2859	0	50	0	NA
1170	12	742	500	-24	6	0	50	50	NA
1171	12	742	500	24	-6	0	50	50	NA
1172	12	500	742	-24	6	0	50	50	NA
1173	12	742	500	24	-6	0	50	50	1000
1174	8	742	0	24	-2859	0	50	0	1100
1175	8	742	0	-6	-2859	0	50	0	NA
1176	8	742	0	-6	-2859	1	50	0	1100
1177	12	742	500	-24	6	1	50	50	1000
1178	8	500	0	-6	-2859	0	50	0	NA
1179	8	742	0	-24	-2859	1	50	0	1000
1180	12	742	500	-24	6	0	50	50	NA
1181	12	742	500	-24	6	0	50	50	1000
1182	12	742	500	24	-6	0	50	50	NA
1183	8	500	0	-6	-2859	0	50	0	1000
1184	12	500	742	24	-6	0	50	50	1000
1185	12	500	742	24	-6	0	50	50	1000
1186	8	742	0	6	-2859	0	50	0	NA
1187	8	742	0	-6	-2859	0	50	0	1100
1188	12	742	500	-24	6	0	50	50	1000
1189	8	500	0	6	-2859	1	50	0	1100
1190	8	500	0	-6	-2859	0	50	0	NA
1191	12	742	500	24	-6	0	50	50	NA
1192	8	500	0	6	-2859	0	50	0	NA
1193	12	500	742	-24	6	0	50	50	1100
1194	8	500	0	-6	-2859	1	50	0	1000
1195	8	500	0	6	-2859	1	50	0	1000
1196	12	742	500	-24	6	1	50	50	1100
1197	12	500	742	-24	6	0	50	50	NA
1198	8	742	0	-24	-2859	0	50	0	NA
1199	8	500	0	24	-2859	0	50	0	NA
1200	12	742	500	24	-6	0	50	50	NA
1201	8	742	0	6	-2859	0	50	0	NA
1202	8	500	0	6	-2859	0	50	0	NA
1203	12	500	742	-24	6	0	50	50	1000
1204	8	742	0	-6	-2859	0	50	0	NA
1205	12	742	500	24	-6	0	50	50	1000
1206	12	500	742	24	-6	0	50	50	1000
1207	8	500	0	24	-2859	1	50	0	1100
1208	8	742	0	6	-2859	1	50	0	1000
1209	8	500	0	6	-2859	1	50	0	1000
1210	8	500	0	24	-2859	0	50	0	1000
1211	12	742	500	24	-6	0	50	50	1100
1212	8	742	0	-6	-2859	0	50	0	NA
1213	8	500	0	6	-2859	0	50	0	NA
1214	12	742	500	-24	6	0	50	50	NA
1215	12	500	742	24	-6	0	50	50	NA
1216	8	742	0	6	-2859	1	50	0	1000
1217	8	500	0	24	-2859	1	50	0	1000
1218	12	742	500	-24	6	0	50	50	NA
1219	8	500	0	-6	-2859	1	50	0	1000
1220	8	742	0	6	-2859	0	50	0	1000
1221	12	500	742	-24	6	0	50	50	1000
1222	12	500	742	24	-6	0	50	50	NA
1223	8	500	0	24	-2859	0	50	0	NA
1224	12	742	500	24	-6	0	50	50	NA
1225	8	500	0	24	-2859	0	50	0	NA
1226	8	500	0	-24	-2859	0	50	0	NA
1227	8	500	0	-24	-2859	0	50	0	NA
1228	12	742	500	24	-6	0	50	50	1000
1229	12	500	742	24	-6	1	50	50	1000
1230	12	500	742	24	-6	1	50	50	1100
1231	8	742	0	24	-2859	1	50	0	1000
1232	8	742	0	6	-2859	0	50	0	1000
1233	12	500	742	-24	6	0	50	50	NA
1234	12	500	742	24	-6	0	50	50	NA
1235	12	500	742	24	-6	0	50	50	NA
1236	8	742	0	6	-2859	0	50	0	NA
1237	8	742	0	-6	-2859	0	50	0	NA
1238	8	742	0	-6	-2859	0	50	0	NA
1239	8	742	0	-24	-2859	0	50	0	NA
1240	8	742	0	-24	-2859	0	50	0	NA
1241	12	742	500	24	-6	0	50	50	NA
1242	12	742	500	24	-6	0	50	50	1000
1243	12	500	742	24	-6	0	50	50	1100
1244	8	742	0	6	-2859	0	50	0	1000
1245	12	742	500	-24	6	0	50	50	NA
1246	12	742	500	-24	6	0	50	50	NA
1247	8	500	0	-6	-2859	0	50	0	NA
1248	8	742	0	-24	-2859	1	50	0	1000
1249	12	500	742	24	-6	0	50	50	NA
1250	8	742	0	6	-2859	1	50	0	1000
1251	8	742	0	6	-2859	0	50	0	NA
1252	8	742	0	-6	-2859	1	50	0	1100
1253	12	742	500	-24	6	1	50	50	1000
1254	8	500	0	-6	-2859	1	50	0	1100
1255	12	500	742	24	-6	1	50	50	1100
1256	8	742	0	-6	-2859	1	50	0	1000
1257	8	500	0	-24	-2859	1	50	0	1000
1258	12	500	742	24	-6	1	50	50	1000
1259	8	500	0	6	-2859	1	50	0	1000
1260	12	742	500	-24	6	0	50	50	1000
1261	12	742	500	24	-6	1	50	50	1100
1262	8	742	0	24	-2859	1	50	0	1100
1263	8	500	0	-6	-2859	0	50	0	NA
1264	12	742	500	-24	6	0	50	50	NA
1265	12	742	500	-24	6	1	50	50	1000
1266	12	742	500	-24	6	0	50	50	1000
1267	12	742	500	-24	6	0	50	50	NA
1268	12	500	742	-24	6	0	50	50	NA
1269	8	500	0	-6	-2859	0	50	0	NA
1270	12	500	742	24	-6	0	50	50	NA
1271	8	742	0	-24	-2859	0	50	0	NA
1272	8	742	0	24	-2859	0	50	0	NA
1273	8	500	0	6	-2859	0	50	0	NA
1274	8	500	0	-24	-2859	0	50	0	NA
1275	12	500	742	24	-6	0	50	50	NA
1276	8	742	0	24	-2859	0	50	0	NA
1277	12	500	742	24	-6	0	50	50	NA
1278	12	500	742	24	-6	0	50	50	NA
1279	8	500	0	-6	-2859	0	50	0	NA
1280	8	500	0	-6	-2859	0	50	0	NA
1281	12	500	742	24	-6	0	50	50	NA
1282	12	500	742	24	-6	0	50	50	1000
1283	12	500	742	24	-6	0	50	50	NA
1284	8	742	0	24	-2859	0	50	0	1000
1285	8	500	0	-6	-2859	0	50	0	1100
1286	12	742	500	24	-6	0	50	50	1000
1287	8	500	0	-6	-2859	0	50	0	1000
1288	8	742	0	24	-2859	0	50	0	NA
1289	12	742	500	24	-6	0	50	50	NA
1290	8	742	0	24	-2859	0	50	0	NA
1291	12	500	742	-24	6	0	50	50	NA
1292	8	500	0	-6	-2859	0	50	0	NA
