1	8	500	0	24	-2859	0	50	0	750
2	12	742	903	-24	6	0	65	65	700
3	12	1100	742	-24	6	1	65	65	800
4	8	742	0	-6	-2859	1	50	0	700
5	8	500	0	6	-2859	0	50	0	800
6	12	500	742	-24	6	1	65	65	700
7	12	742	903	-24	6	1	65	65	800
8	8	1000	0	-24	-2859	0	50	0	NA
9	8	742	0	-6	-2859	0	50	0	NA
10	8	1000	0	-24	-2859	0	50	0	NA
11	12	742	609	24	-6	1	65	65	700
12	12	742	1100	24	-6	1	65	65	700
13	8	1000	0	-24	-2859	0	50	0	NA
14	8	742	0	6	-2859	0	50	0	750
15	12	500	742	-24	6	1	65	65	700
16	12	903	742	-24	6	1	65	65	800
17	8	1000	0	-6	-2859	1	50	0	700
18	8	1000	0	-24	-2859	1	50	0	700
19	8	500	0	24	-2859	1	50	0	800
20	8	500	0	-6	-2859	1	50	0	700
21	12	742	609	24	-6	0	65	65	750
22	12	742	609	24	-6	0	65	65	800
23	8	500	0	6	-2859	0	50	0	800
24	12	609	742	-24	6	1	65	65	700
25	8	1000	0	-6	-2859	1	50	0	750
26	8	1000	0	6	-2859	1	50	0	800
27	12	1100	742	-24	6	0	65	65	800
28	12	1100	742	-24	6	0	65	65	750
29	8	742	0	6	-2859	0	50	0	700
30	12	1100	742	24	-6	0	65	65	750
31	8	742	0	6	-2859	1	50	0	700
32	12	742	500	-24	6	1	65	65	800
33	8	742	0	24	-2859	1	50	0	700
34	8	1000	0	-6	-2859	0	50	0	NA
35	8	1000	0	-6	-2859	1	50	0	750
36	12	742	609	24	-6	1	65	65	800
37	8	742	0	-6	-2859	0	50	0	NA
38	12	609	742	-24	6	1	65	65	800
39	8	500	0	-6	-2859	1	50	0	800
40	8	742	0	24	-2859	1	50	0	750
41	12	742	1100	24	-6	1	65	65	700
42	12	500	742	24	-6	0	65	65	NA
43	12	500	742	24	-6	0	65	65	NA
44	8	742	0	6	-2859	0	50	0	NA
45	12	742	903	-24	6	1	65	65	700
46	12	742	500	-24	6	1	65	65	800
47	12	609	742	24	-6	0	65	65	NA
48	8	1000	0	6	-2859	1	50	0	700
49	12	742	500	24	-6	1	65	65	700
50	12	742	609	24	-6	1	65	65	800
51	8	500	0	24	-2859	0	50	0	NA
52	12	500	742	-24	6	1	65	65	750
53	12	742	903	-24	6	1	65	65	700
54	12	742	903	24	-6	1	65	65	800
55	12	500	742	-24	6	1	65	65	750
56	12	742	903	-24	6	1	65	65	800
57	8	500	0	-6	-2859	1	50	0	700
58	12	742	609	24	-6	0	65	65	NA
59	12	742	903	24	-6	0	65	65	NA
60	12	742	500	24	-6	1	65	65	700
61	12	742	609	-24	6	1	65	65	800
62	8	1100	0	-24	-2859	1	50	0	700
63	12	1100	742	-24	6	1	65	65	800
64	8	500	0	-6	-2859	1	50	0	750
65	12	1100	742	24	-6	1	65	65	700
66	12	609	742	-24	6	0	65	65	800
67	12	609	742	-24	6	0	65	65	700
68	12	609	742	24	-6	1	65	65	800
69	8	500	0	-6	-2859	1	50	0	750
70	12	500	742	24	-6	1	65	65	800
71	8	742	0	24	-2859	1	50	0	700
72	8	742	0	-6	-2859	1	50	0	700
73	8	500	0	-24	-2859	1	50	0	800
74	12	742	903	24	-6	1	65	65	750
75	12	500	742	24	-6	1	65	65	800
76	12	609	742	24	-6	1	65	65	700
77	8	742	0	24	-2859	1	50	0	800
78	12	903	742	24	-6	0	65	65	NA
79	8	500	0	-24	-2859	0	50	0	NA
80	8	1100	0	-6	-2859	0	50	0	NA
81	8	1100	0	24	-2859	0	50	0	NA
82	12	742	903	-24	6	1	65	65	700
83	8	1100	0	-6	-2859	1	50	0	700
84	12	500	742	-24	6	0	65	65	700
85	12	742	500	-24	6	0	65	65	NA
86	8	500	0	-24	-2859	0	50	0	NA
87	8	500	0	6	-2859	0	50	0	NA
88	8	1100	0	-6	-2859	0	50	0	NA
89	8	500	0	-6	-2859	0	50	0	NA
90	12	742	609	24	-6	0	65	65	NA
91	8	500	0	6	-2859	0	50	0	NA
92	8	1100	0	24	-2859	0	50	0	NA
93	8	1100	0	6	-2859	0	50	0	NA
94	8	742	0	24	-2859	1	50	0	800
95	12	742	1100	24	-6	0	65	65	NA
96	8	742	0	6	-2859	0	50	0	NA
97	8	742	0	24	-2859	0	50	0	NA
98	8	1100	0	-6	-2859	0	50	0	NA
99	12	903	742	-24	6	0	65	65	NA
100	12	609	742	24	-6	0	65	65	NA
101	8	1100	0	24	-2859	1	50	0	750
102	12	742	500	-24	6	1	65	65	800
103	12	500	742	-24	6	0	65	65	NA
104	12	903	742	24	-6	1	65	65	800
105	12	742	1100	24	-6	1	65	65	700
106	8	500	0	-6	-2859	0	50	0	NA
107	8	500	0	-24	-2859	1	50	0	750
108	8	1100	0	-24	-2859	1	50	0	800
109	8	742	0	-24	-2859	1	50	0	700
110	8	1100	0	24	-2859	0	50	0	NA
111	8	742	0	6	-2859	0	50	0	750
112	12	742	903	24	-6	1	65	65	800
113	12	742	500	-24	6	1	65	65	700
114	8	500	0	-24	-2859	0	50	0	NA
115	12	903	742	24	-6	0	65	65	NA
116	8	742	0	-6	-2859	1	50	0	750
117	8	1100	0	6	-2859	0	50	0	NA
118	12	609	742	-24	6	0	65	65	NA
119	12	903	742	24	-6	0	65	65	NA
120	8	1100	0	-24	-2859	0	50	0	NA
121	12	1100	742	-24	6	0	65	65	NA
122	12	1100	742	-24	6	0	65	65	NA
123	8	742	0	6	-2859	0	50	0	NA
124	8	500	0	6	-2859	0	50	0	NA
125	8	742	0	24	-2859	0	50	0	NA
126	8	1100	0	6	-2859	0	50	0	NA
127	12	742	903	-24	6	0	65	65	NA
128	12	742	609	-24	6	1	65	65	700
129	12	742	903	24	-6	0	65	65	NA
130	8	1100	0	-24	-2859	0	50	0	NA
131	8	500	0	-6	-2859	0	50	0	NA
132	12	500	742	24	-6	0	65	65	NA
133	12	742	500	-24	6	0	65	65	NA
134	12	1100	742	-24	6	0	65	65	NA
135	8	500	0	24	-2859	1	50	0	750
136	12	742	1100	-24	6	1	65	65	700
137	8	742	0	24	-2859	1	50	0	800
138	8	1100	0	-24	-2859	1	50	0	700
139	8	1100	0	-6	-2859	1	50	0	700
140	12	742	500	24	-6	0	65	65	750
141	8	500	0	-24	-2859	1	50	0	800
142	8	500	0	24	-2859	0	50	0	NA
143	12	609	742	-24	6	0	65	65	NA
144	12	742	903	24	-6	0	65	65	NA
145	12	742	903	-24	6	0	65	65	NA
146	12	609	742	24	-6	0	65	65	NA
147	8	500	0	-24	-2859	0	50	0	NA
148	8	1100	0	-6	-2859	1	50	0	700
149	12	1100	742	-24	6	1	65	65	800
150	8	742	0	6	-2859	0	50	0	700
151	8	1100	0	-6	-2859	0	50	0	NA
152	8	742	0	-24	-2859	0	50	0	NA
153	12	1100	742	-24	6	0	65	65	NA
154	8	742	0	-24	-2859	0	50	0	NA
155	12	742	1100	-24	6	0	65	65	700
156	12	903	742	24	-6	0	65	65	NA
157	8	742	0	6	-2859	0	50	0	NA
158	8	742	0	-24	-2859	0	50	0	NA
159	12	500	742	24	-6	0	65	65	NA
160	8	500	0	-24	-2859	0	50	0	NA
161	8	500	0	6	-2859	0	50	0	NA
162	12	609	742	-24	6	0	65	65	NA
163	12	1100	742	-24	6	0	65	65	NA
164	8	1100	0	24	-2859	0	50	0	NA
165	12	609	742	24	-6	0	65	65	NA
166	8	500	0	-6	-2859	0	50	0	NA
167	12	742	500	-24	6	0	65	65	NA
168	12	742	903	-24	6	0	65	65	NA
169	8	742	0	-24	-2859	0	50	0	NA
170	8	742	0	-24	-2859	0	50	0	NA
171	12	1100	742	-24	6	0	65	65	800
172	8	1100	0	-24	-2859	0	50	0	NA
173	8	1100	0	24	-2859	0	50	0	NA
174	12	500	742	24	-6	0	65	65	NA
175	12	500	742	-24	6	0	65	65	NA
176	12	903	742	-24	6	0	65	65	800
177	8	742	0	-24	-2859	0	50	0	750
178	12	742	609	-24	6	0	65	65	NA
179	12	742	903	-24	6	0	65	65	NA
180	12	742	903	-24	6	0	65	65	NA
181	8	742	0	-24	-2859	0	50	0	NA
182	12	742	1100	24	-6	0	65	65	800
183	12	742	903	24	-6	0	65	65	700
184	8	1100	0	6	-2859	0	50	0	NA
185	8	1100	0	-6	-2859	0	50	0	NA
186	12	742	903	24	-6	0	65	65	NA
187	8	1100	0	24	-2859	0	50	0	NA
188	12	903	742	-24	6	0	65	65	NA
189	12	1100	742	-24	6	0	65	65	NA
190	12	500	742	-24	6	0	65	65	NA
191	8	742	0	-24	-2859	0	50	0	NA
192	8	500	0	-6	-2859	0	50	0	NA
193	12	742	500	24	-6	0	65	65	NA
194	12	742	500	24	-6	0	65	65	NA
195	8	742	0	24	-2859	0	50	0	700
196	12	742	500	24	-6	0	65	65	NA
197	8	500	0	6	-2859	0	50	0	700
198	12	742	609	24	-6	0	65	65	NA
199	12	609	742	-24	6	0	65	65	NA
200	8	500	0	-24	-2859	0	50	0	700
201	8	1100	0	-24	-2859	0	50	0	NA
202	12	500	742	24	-6	0	65	65	NA
203	8	1100	0	24	-2859	0	50	0	NA
204	8	500	0	6	-2859	0	50	0	NA
205	12	742	500	24	-6	0	65	65	NA
206	8	500	0	6	-2859	0	50	0	NA
207	12	903	742	-24	6	0	65	65	NA
208	12	500	742	-24	6	0	65	65	NA
209	12	903	742	-24	6	0	65	65	NA
210	12	742	500	24	-6	0	65	65	NA
211	8	1100	0	-6	-2859	0	50	0	NA
212	8	1100	0	-6	-2859	0	50	0	NA
213	12	742	903	24	-6	0	65	65	NA
214	8	742	0	-6	-2859	0	50	0	NA
215	8	500	0	6	-2859	0	50	0	NA
216	12	609	742	24	-6	0	65	65	700
217	8	742	0	-6	-2859	0	50	0	NA
218	8	742	0	-24	-2859	0	50	0	NA
219	8	742	0	-6	-2859	0	50	0	NA
220	8	742	0	6	-2859	0	50	0	NA
221	12	903	742	-24	6	0	65	65	NA
222	8	742	0	-6	-2859	0	50	0	NA
223	12	903	742	24	-6	0	65	65	NA
224	8	1100	0	24	-2859	0	50	0	NA
225	8	1100	0	24	-2859	0	50	0	NA
226	8	500	0	6	-2859	0	50	0	NA
227	12	742	609	-24	6	0	65	65	NA
228	8	742	0	-24	-2859	1	50	0	700
229	8	500	0	24	-2859	0	50	0	NA
230	12	500	742	24	-6	0	65	65	800
231	8	500	0	6	-2859	0	50	0	700
232	8	1100	0	-24	-2859	0	50	0	NA
233	12	742	500	-24	6	0	65	65	NA
234	12	742	609	-24	6	0	65	65	NA
235	8	742	0	6	-2859	0	50	0	NA
236	12	742	1100	24	-6	0	65	65	NA
237	12	742	903	-24	6	0	65	65	NA
238	12	1100	742	-24	6	0	65	65	NA
239	8	742	0	-24	-2859	0	50	0	NA
240	8	742	0	-6	-2859	0	50	0	NA
241	8	742	0	-6	-2859	0	50	0	NA
242	8	500	0	-24	-2859	0	50	0	700
243	12	903	742	-24	6	0	65	65	NA
244	8	500	0	-24	-2859	0	50	0	NA
245	8	500	0	24	-2859	0	50	0	NA
246	12	609	742	24	-6	0	65	65	NA
247	12	500	742	-24	6	0	65	65	NA
248	8	1100	0	6	-2859	0	50	0	NA
249	12	609	742	-24	6	0	65	65	800
250	8	1100	0	-6	-2859	0	50	0	700
251	12	609	742	24	-6	0	65	65	700
252	12	742	609	-24	6	0	65	65	NA
253	8	1100	0	6	-2859	0	50	0	800
254	12	742	500	24	-6	0	65	65	NA
255	8	1100	0	6	-2859	1	50	0	700
256	12	742	903	-24	6	0	65	65	800
257	8	1100	0	-6	-2859	0	50	0	700
258	12	742	500	24	-6	0	65	65	800
259	12	609	742	24	-6	0	65	65	700
260	12	609	742	24	-6	0	65	65	700
261	12	1100	742	24	-6	0	65	65	NA
262	12	903	742	-24	6	0	65	65	NA
263	12	742	1100	-24	6	0	65	65	750
264	8	500	0	24	-2859	0	50	0	NA
265	12	609	742	24	-6	0	65	65	700
266	12	1100	742	24	-6	0	65	65	800
267	8	500	0	6	-2859	0	50	0	NA
268	8	1100	0	6	-2859	0	50	0	NA
269	12	742	1100	24	-6	0	65	65	NA
270	8	742	0	-24	-2859	0	50	0	NA
271	12	903	742	-24	6	0	65	65	NA
272	12	742	903	24	-6	0	65	65	NA
273	12	609	742	-24	6	0	65	65	NA
274	12	742	903	-24	6	0	65	65	NA
275	12	903	742	-24	6	0	65	65	NA
276	8	1100	0	6	-2859	0	50	0	NA
277	12	609	742	-24	6	0	65	65	NA
278	8	742	0	-6	-2859	0	50	0	NA
279	8	500	0	-24	-2859	0	50	0	NA
280	8	742	0	-6	-2859	0	50	0	NA
281	12	903	742	-24	6	0	65	65	NA
282	8	500	0	24	-2859	0	50	0	NA
283	8	500	0	6	-2859	0	50	0	750
284	12	500	742	24	-6	0	65	65	NA
285	12	1100	742	-24	6	0	65	65	700
286	8	1100	0	6	-2859	1	50	0	750
287	12	903	742	24	-6	0	65	65	800
288	8	1100	0	6	-2859	0	50	0	700
289	12	500	742	-24	6	0	65	65	NA
290	12	500	742	-24	6	0	65	65	750
291	12	500	742	24	-6	0	65	65	NA
292	12	742	500	24	-6	0	65	65	NA
293	12	1100	742	24	-6	0	65	65	NA
294	8	742	0	24	-2859	0	50	0	NA
295	8	742	0	24	-2859	0	50	0	NA
296	8	500	0	-6	-2859	0	50	0	NA
297	12	742	903	-24	6	0	65	65	NA
298	12	742	500	-24	6	0	65	65	NA
299	8	1100	0	6	-2859	0	50	0	NA
300	12	742	609	24	-6	0	65	65	NA
301	8	742	0	6	-2859	0	50	0	NA
302	8	500	0	-6	-2859	0	50	0	NA
303	8	1100	0	6	-2859	0	50	0	NA
304	8	1100	0	-24	-2859	0	50	0	NA
305	12	609	742	24	-6	0	65	65	NA
306	12	742	609	-24	6	0	65	65	NA
307	12	1100	742	-24	6	0	65	65	800
308	8	742	0	6	-2859	1	50	0	700
309	12	742	1100	-24	6	0	65	65	800
310	12	609	742	-24	6	0	65	65	800
311	8	500	0	6	-2859	0	50	0	NA
312	8	742	0	-24	-2859	0	50	0	NA
313	12	1100	742	24	-6	0	65	65	NA
314	8	1100	0	24	-2859	0	50	0	800
315	8	1100	0	-24	-2859	0	50	0	800
316	8	500	0	6	-2859	0	50	0	NA
317	8	500	0	24	-2859	0	50	0	NA
318	12	742	500	24	-6	0	65	65	NA
319	12	609	742	-24	6	0	65	65	700
320	12	742	1100	24	-6	0	65	65	NA
321	8	742	0	-6	-2859	0	50	0	800
322	12	742	609	24	-6	0	65	65	800
323	8	742	0	24	-2859	0	50	0	NA
324	12	609	742	24	-6	0	65	65	750
325	12	742	1100	24	-6	0	65	65	NA
326	12	609	742	24	-6	0	65	65	NA
327	12	742	1100	-24	6	0	65	65	NA
328	8	742	0	6	-2859	0	50	0	NA
329	12	742	500	24	-6	0	65	65	NA
330	8	500	0	24	-2859	0	50	0	NA
331	8	742	0	24	-2859	0	50	0	NA
332	8	1100	0	24	-2859	0	50	0	700
333	12	903	742	-24	6	0	65	65	NA
334	8	1100	0	-6	-2859	0	50	0	NA
335	8	742	0	24	-2859	0	50	0	NA
336	12	500	742	24	-6	0	65	65	NA
337	12	500	742	24	-6	0	65	65	NA
338	12	742	903	24	-6	0	65	65	NA
339	8	1100	0	6	-2859	0	50	0	NA
340	12	742	609	-24	6	0	65	65	NA
341	12	903	742	24	-6	0	65	65	NA
342	12	742	609	24	-6	0	65	65	700
343	8	500	0	-24	-2859	0	50	0	NA
344	8	500	0	-24	-2859	0	50	0	NA
345	12	742	609	24	-6	0	65	65	750
346	12	1100	742	24	-6	0	65	65	NA
347	8	1100	0	24	-2859	0	50	0	NA
348	12	500	742	-24	6	0	65	65	800
349	12	742	1100	24	-6	0	65	65	700
350	8	1100	0	-6	-2859	0	50	0	800
351	12	609	742	-24	6	0	65	65	700
352	8	1100	0	-24	-2859	0	50	0	700
353	8	742	0	-6	-2859	0	50	0	800
354	12	903	742	-24	6	0	65	65	700
355	12	903	742	24	-6	0	65	65	750
356	8	500	0	-24	-2859	0	50	0	NA
357	12	742	609	-24	6	0	65	65	NA
358	12	903	742	24	-6	0	65	65	NA
359	8	500	0	6	-2859	0	50	0	NA
360	12	1100	742	-24	6	0	65	65	NA
361	12	500	742	24	-6	0	65	65	NA
362	12	903	742	24	-6	0	65	65	NA
363	12	903	742	24	-6	0	65	65	800
364	8	500	0	-6	-2859	0	50	0	700
365	12	742	609	24	-6	0	65	65	NA
366	12	742	903	24	-6	0	65	65	NA
367	8	1100	0	-6	-2859	0	50	0	NA
368	8	742	0	24	-2859	0	50	0	NA
369	8	742	0	24	-2859	0	50	0	NA
370	12	742	609	-24	6	0	65	65	NA
371	12	742	1100	24	-6	0	65	65	NA
372	8	1100	0	-24	-2859	0	50	0	700
373	8	1100	0	-6	-2859	0	50	0	NA
374	12	742	1100	-24	6	0	65	65	NA
375	8	500	0	24	-2859	0	50	0	750
376	8	1100	0	-24	-2859	0	50	0	700
377	12	742	500	24	-6	0	65	65	NA
378	8	500	0	6	-2859	0	50	0	NA
379	12	609	742	-24	6	0	65	65	NA
380	8	1100	0	6	-2859	0	50	0	NA
381	12	1100	742	-24	6	0	65	65	NA
382	8	742	0	24	-2859	0	50	0	NA
383	12	500	742	24	-6	0	65	65	700
384	12	903	742	-24	6	0	65	65	NA
385	12	742	1100	-24	6	0	65	65	NA
386	12	500	742	-24	6	0	65	65	750
387	12	742	609	24	-6	0	65	65	NA
388	12	500	742	24	-6	0	65	65	NA
389	8	500	0	24	-2859	0	50	0	NA
390	12	742	903	24	-6	0	65	65	NA
391	8	742	0	24	-2859	0	50	0	NA
392	12	500	742	-24	6	0	65	65	NA
393	8	742	0	6	-2859	0	50	0	NA
394	8	1100	0	24	-2859	0	50	0	800
395	8	1100	0	24	-2859	0	50	0	NA
396	12	742	500	-24	6	0	65	65	NA
397	12	609	742	24	-6	0	65	65	NA
398	12	500	742	24	-6	0	65	65	NA
399	8	500	0	-6	-2859	0	50	0	800
400	8	742	0	24	-2859	0	50	0	NA
401	12	742	500	-24	6	0	65	65	NA
402	12	742	609	24	-6	0	65	65	NA
403	8	1100	0	24	-2859	0	50	0	800
404	8	1100	0	-24	-2859	0	50	0	NA
405	12	609	742	24	-6	0	65	65	NA
406	8	742	0	-24	-2859	0	50	0	NA
407	12	500	742	24	-6	0	65	65	NA
408	12	742	609	24	-6	0	65	65	NA
409	12	742	1100	-24	6	0	65	65	700
410	8	742	0	24	-2859	0	50	0	750
411	8	500	0	-6	-2859	1	50	0	700
412	8	500	0	-24	-2859	1	50	0	700
413	12	742	609	-24	6	0	65	65	800
414	8	1100	0	-6	-2859	0	50	0	NA
415	12	1100	742	24	-6	1	65	65	800
416	8	1100	0	-24	-2859	0	50	0	NA
417	8	742	0	6	-2859	0	50	0	NA
418	12	742	609	24	-6	0	65	65	NA
419	8	500	0	-6	-2859	0	50	0	NA
420	12	742	1100	-24	6	0	65	65	NA
421	8	500	0	6	-2859	0	50	0	NA
422	8	500	0	-6	-2859	0	50	0	NA
423	8	1100	0	24	-2859	0	50	0	NA
424	8	1100	0	-6	-2859	1	50	0	800
425	8	742	0	-24	-2859	0	50	0	NA
426	8	742	0	-24	-2859	1	50	0	700
427	8	1100	0	-6	-2859	0	50	0	NA
428	8	1100	0	-6	-2859	0	50	0	NA
429	12	903	742	-24	6	0	65	65	NA
430	8	1100	0	6	-2859	0	50	0	NA
431	12	742	903	24	-6	0	65	65	NA
432	12	742	903	-24	6	0	65	65	NA
433	12	500	742	24	-6	0	65	65	NA
434	12	742	609	-24	6	0	65	65	NA
435	12	903	742	24	-6	0	65	65	NA
436	8	1100	0	6	-2859	0	50	0	700
437	8	742	0	24	-2859	0	50	0	NA
438	12	742	500	24	-6	0	65	65	NA
439	12	742	903	24	-6	0	65	65	NA
440	12	903	742	-24	6	0	65	65	NA
441	12	742	609	-24	6	0	65	65	NA
442	8	742	0	-6	-2859	0	50	0	NA
443	12	500	742	-24	6	0	65	65	NA
444	8	742	0	-6	-2859	0	50	0	NA
445	12	500	742	24	-6	0	65	65	NA
446	12	1100	742	-24	6	0	65	65	700
447	12	742	903	-24	6	0	65	65	NA
448	8	500	0	6	-2859	1	50	0	800
449	12	742	500	24	-6	0	65	65	NA
450	8	500	0	6	-2859	0	50	0	NA
451	8	500	0	24	-2859	0	50	0	700
452	12	742	903	-24	6	0	65	65	NA
453	12	742	1100	24	-6	0	65	65	NA
454	12	742	903	24	-6	0	65	65	NA
455	12	903	742	24	-6	0	65	65	NA
456	12	742	500	24	-6	0	65	65	NA
457	12	1100	742	-24	6	0	65	65	NA
458	8	500	0	24	-2859	1	50	0	800
459	8	500	0	-24	-2859	0	50	0	NA
460	8	1100	0	-24	-2859	0	50	0	NA
461	12	903	742	24	-6	0	65	65	NA
462	8	742	0	6	-2859	0	50	0	NA
463	12	1100	742	24	-6	0	65	65	NA
464	8	500	0	-6	-2859	0	50	0	NA
465	12	742	500	-24	6	0	65	65	NA
466	8	500	0	-6	-2859	1	50	0	800
467	8	742	0	24	-2859	1	50	0	700
468	8	1100	0	6	-2859	0	50	0	NA
469	12	500	742	-24	6	0	65	65	NA
470	12	742	500	-24	6	0	65	65	NA
471	8	1100	0	24	-2859	0	50	0	NA
472	12	742	609	-24	6	0	65	65	NA
473	8	742	0	-6	-2859	0	50	0	NA
474	8	1100	0	-6	-2859	0	50	0	NA
475	8	1100	0	-6	-2859	0	50	0	NA
476	12	742	500	24	-6	0	65	65	800
477	8	742	0	-24	-2859	0	50	0	NA
478	12	742	500	24	-6	0	65	65	NA
479	8	1100	0	24	-2859	0	50	0	NA
480	12	742	903	24	-6	0	65	65	NA
481	12	1100	742	-24	6	1	65	65	700
482	8	1100	0	6	-2859	0	50	0	800
483	12	742	903	-24	6	1	65	65	800
484	12	742	1100	-24	6	1	65	65	700
485	8	742	0	-24	-2859	1	50	0	750
486	8	742	0	24	-2859	1	50	0	800
487	12	742	500	24	-6	0	65	65	800
488	12	1100	742	24	-6	0	65	65	NA
489	8	500	0	-24	-2859	0	50	0	NA
490	12	742	903	24	-6	0	65	65	NA
491	12	609	742	-24	6	0	65	65	NA
492	12	742	500	-24	6	0	65	65	NA
493	12	903	742	-24	6	1	65	65	700
494	8	500	0	-6	-2859	0	50	0	NA
495	12	742	903	-24	6	0	65	65	NA
496	8	500	0	24	-2859	0	50	0	NA
497	8	742	0	6	-2859	0	50	0	NA
498	12	742	500	24	-6	0	65	65	NA
499	12	742	1100	-24	6	0	65	65	NA
500	8	742	0	-6	-2859	0	50	0	NA
501	12	500	742	24	-6	0	65	65	NA
502	8	742	0	24	-2859	1	50	0	750
503	12	500	742	24	-6	0	65	65	NA
504	12	500	742	24	-6	0	65	65	700
505	8	1100	0	-6	-2859	0	50	0	NA
506	8	1100	0	-6	-2859	0	50	0	NA
507	12	742	903	24	-6	0	65	65	NA
508	8	1100	0	24	-2859	0	50	0	NA
509	12	742	903	-24	6	0	65	65	NA
510	12	742	1100	24	-6	0	65	65	700
511	12	742	903	-24	6	0	65	65	750
512	8	742	0	24	-2859	0	50	0	800
513	8	500	0	-24	-2859	0	50	0	NA
514	8	500	0	-6	-2859	0	50	0	NA
515	12	1100	742	24	-6	0	65	65	700
516	8	500	0	6	-2859	0	50	0	NA
517	12	500	742	-24	6	0	65	65	NA
518	8	1100	0	6	-2859	0	50	0	NA
519	12	609	742	-24	6	0	65	65	NA
520	8	1100	0	6	-2859	0	50	0	NA
521	8	1100	0	6	-2859	0	50	0	NA
522	12	903	742	-24	6	0	65	65	NA
523	12	742	903	24	-6	0	65	65	NA
524	12	500	742	-24	6	0	65	65	NA
525	12	500	742	-24	6	0	65	65	NA
526	8	500	0	-24	-2859	0	50	0	NA
527	8	742	0	-6	-2859	0	50	0	NA
528	8	1100	0	24	-2859	0	50	0	NA
529	12	742	903	24	-6	0	65	65	700
530	8	742	0	24	-2859	0	50	0	NA
531	8	742	0	-6	-2859	0	50	0	NA
532	12	500	742	-24	6	0	65	65	NA
533	8	500	0	24	-2859	0	50	0	NA
534	8	500	0	-24	-2859	1	50	0	800
535	12	903	742	-24	6	1	65	65	700
536	8	500	0	-24	-2859	0	50	0	NA
537	8	500	0	-6	-2859	1	50	0	750
538	8	500	0	24	-2859	1	50	0	700
539	8	742	0	6	-2859	0	50	0	800
540	8	742	0	6	-2859	0	50	0	NA
541	8	1100	0	6	-2859	0	50	0	700
542	8	500	0	-24	-2859	0	50	0	NA
543	12	742	1100	-24	6	0	65	65	NA
544	12	1100	742	24	-6	0	65	65	NA
545	12	742	1100	-24	6	0	65	65	NA
546	8	1100	0	-24	-2859	0	50	0	NA
547	8	742	0	6	-2859	0	50	0	NA
548	8	1100	0	24	-2859	0	50	0	NA
549	8	500	0	24	-2859	1	50	0	750
550	12	609	742	-24	6	0	65	65	700
551	12	500	742	-24	6	0	65	65	NA
552	8	500	0	-6	-2859	0	50	0	NA
553	12	1100	742	24	-6	0	65	65	NA
554	12	742	903	24	-6	0	65	65	NA
555	12	742	609	24	-6	1	65	65	800
556	12	742	500	-24	6	0	65	65	NA
557	8	1100	0	6	-2859	0	50	0	NA
558	12	609	742	24	-6	0	65	65	NA
559	12	742	500	24	-6	1	65	65	700
560	12	500	742	-24	6	0	65	65	NA
561	12	903	742	-24	6	0	65	65	NA
562	8	1100	0	6	-2859	0	50	0	800
563	8	742	0	-24	-2859	0	50	0	NA
564	8	742	0	6	-2859	0	50	0	800
565	12	609	742	24	-6	0	65	65	NA
566	8	500	0	-24	-2859	0	50	0	NA
567	8	1100	0	24	-2859	0	50	0	NA
568	8	742	0	-24	-2859	1	50	0	750
569	12	742	903	24	-6	1	65	65	800
570	8	500	0	-24	-2859	0	50	0	NA
571	8	742	0	-6	-2859	1	50	0	800
572	8	742	0	24	-2859	1	50	0	700
573	8	742	0	6	-2859	0	50	0	NA
574	8	1100	0	-6	-2859	0	50	0	NA
575	8	1100	0	-24	-2859	0	50	0	NA
576	12	742	609	24	-6	0	65	65	NA
577	8	500	0	6	-2859	0	50	0	NA
578	12	500	742	-24	6	0	65	65	NA
579	12	742	1100	24	-6	0	65	65	NA
580	12	742	500	24	-6	0	65	65	NA
581	8	742	0	-24	-2859	0	50	0	NA
582	8	500	0	-24	-2859	0	50	0	NA
583	12	742	609	24	-6	1	65	65	800
584	12	742	500	-24	6	0	65	65	NA
585	8	500	0	-24	-2859	0	50	0	NA
586	8	1100	0	24	-2859	1	50	0	700
587	8	1100	0	-6	-2859	0	50	0	NA
588	8	1100	0	6	-2859	0	50	0	NA
589	12	742	500	-24	6	0	65	65	NA
590	8	500	0	24	-2859	0	50	0	NA
591	12	742	500	24	-6	0	65	65	NA
592	12	903	742	-24	6	0	65	65	750
593	12	609	742	-24	6	0	65	65	NA
594	12	1100	742	24	-6	0	65	65	NA
595	12	742	609	24	-6	0	65	65	NA
596	8	500	0	24	-2859	0	50	0	700
597	12	903	742	-24	6	0	65	65	NA
598	12	903	742	24	-6	0	65	65	NA
599	12	609	742	-24	6	0	65	65	NA
600	12	500	742	24	-6	0	65	65	NA
601	8	500	0	24	-2859	0	50	0	NA
602	12	742	609	24	-6	0	65	65	NA
603	12	903	742	-24	6	0	65	65	NA
604	12	742	500	-24	6	0	65	65	NA
605	12	742	903	-24	6	0	65	65	700
606	8	1100	0	24	-2859	0	50	0	NA
607	8	742	0	-6	-2859	0	50	0	NA
608	8	1100	0	6	-2859	0	50	0	NA
609	8	742	0	-6	-2859	0	50	0	700
610	12	500	742	24	-6	0	65	65	750
611	8	742	0	24	-2859	0	50	0	NA
612	12	903	742	24	-6	0	65	65	NA
613	12	500	742	24	-6	0	65	65	NA
614	12	742	609	24	-6	0	65	65	NA
615	8	500	0	-6	-2859	0	50	0	NA
616	8	500	0	24	-2859	0	50	0	NA
617	8	500	0	-6	-2859	0	50	0	NA
618	12	742	903	-24	6	0	65	65	NA
619	12	1100	742	-24	6	0	65	65	NA
620	12	742	903	24	-6	0	65	65	700
621	12	903	742	24	-6	0	65	65	NA
622	12	742	1100	24	-6	0	65	65	NA
623	12	903	742	-24	6	0	65	65	NA
624	8	500	0	6	-2859	0	50	0	NA
625	8	1100	0	-6	-2859	0	50	0	NA
626	12	1100	742	24	-6	0	65	65	NA
627	12	1100	742	-24	6	0	65	65	NA
628	12	742	903	-24	6	0	65	65	NA
629	12	1100	742	24	-6	0	65	65	NA
630	8	1100	0	-24	-2859	0	50	0	NA
631	8	742	0	6	-2859	0	50	0	800
632	12	742	1100	24	-6	0	65	65	NA
633	12	500	742	-24	6	0	65	65	NA
634	12	742	609	24	-6	0	65	65	NA
635	8	1100	0	6	-2859	0	50	0	NA
636	12	609	742	-24	6	0	65	65	NA
637	8	742	0	6	-2859	0	50	0	NA
638	12	742	500	24	-6	0	65	65	NA
639	12	609	742	24	-6	0	65	65	750
640	12	609	742	24	-6	0	65	65	NA
641	8	742	0	6	-2859	0	50	0	NA
642	8	1100	0	24	-2859	0	50	0	NA
643	12	742	500	-24	6	0	65	65	NA
644	12	500	742	-24	6	0	65	65	NA
645	12	609	742	-24	6	0	65	65	NA
646	8	1100	0	-24	-2859	0	50	0	NA
647	8	500	0	6	-2859	0	50	0	NA
648	8	500	0	24	-2859	0	50	0	NA
649	12	500	742	24	-6	0	65	65	NA
650	12	609	742	-24	6	0	65	65	NA
651	8	500	0	6	-2859	0	50	0	NA
652	12	903	742	24	-6	0	65	65	NA
653	12	903	742	24	-6	0	65	65	750
654	12	742	609	24	-6	0	65	65	700
655	8	1100	0	-24	-2859	1	50	0	700
656	12	500	742	24	-6	0	65	65	800
657	8	1100	0	-24	-2859	0	50	0	NA
658	8	742	0	-6	-2859	0	50	0	700
659	12	742	609	24	-6	0	65	65	NA
660	8	742	0	6	-2859	0	50	0	700
661	12	742	903	-24	6	0	65	65	800
662	12	1100	742	24	-6	0	65	65	800
663	12	500	742	-24	6	0	65	65	NA
664	8	742	0	-6	-2859	0	50	0	NA
665	8	500	0	24	-2859	0	50	0	NA
666	12	1100	742	24	-6	0	65	65	800
667	8	500	0	-6	-2859	1	50	0	750
668	12	609	742	-24	6	0	65	65	NA
669	8	742	0	24	-2859	0	50	0	NA
670	8	1100	0	24	-2859	0	50	0	NA
671	8	1100	0	6	-2859	0	50	0	NA
672	8	1100	0	-24	-2859	0	50	0	NA
673	8	742	0	-24	-2859	0	50	0	NA
674	12	742	903	24	-6	0	65	65	800
675	8	742	0	-6	-2859	1	50	0	800
676	8	500	0	-24	-2859	0	50	0	NA
677	12	742	1100	24	-6	0	65	65	NA
678	8	500	0	-24	-2859	0	50	0	NA
679	8	500	0	-6	-2859	0	50	0	NA
680	8	500	0	-6	-2859	0	50	0	NA
681	8	1100	0	-6	-2859	0	50	0	NA
682	12	903	742	-24	6	0	65	65	750
683	12	742	1100	24	-6	0	65	65	700
684	12	742	609	-24	6	0	65	65	NA
685	8	742	0	-6	-2859	0	50	0	800
686	12	500	742	24	-6	0	65	65	750
687	12	742	1100	-24	6	0	65	65	NA
688	12	742	609	24	-6	0	65	65	NA
689	12	742	500	24	-6	0	65	65	NA
690	12	609	742	24	-6	0	65	65	NA
691	12	742	609	-24	6	0	65	65	NA
692	12	742	1100	24	-6	0	65	65	NA
693	12	609	742	24	-6	0	65	65	NA
694	12	1100	742	-24	6	0	65	65	NA
695	8	1100	0	-24	-2859	0	50	0	NA
696	12	742	500	-24	6	0	65	65	NA
697	12	609	742	24	-6	0	65	65	NA
698	12	500	742	-24	6	0	65	65	NA
699	12	500	742	-24	6	0	65	65	NA
700	12	1100	742	24	-6	0	65	65	700
701	8	1100	0	24	-2859	0	50	0	700
702	8	742	0	24	-2859	0	50	0	NA
703	8	500	0	-6	-2859	0	50	0	NA
704	12	1100	742	24	-6	0	65	65	750
705	12	500	742	24	-6	0	65	65	NA
706	8	500	0	-6	-2859	0	50	0	750
707	12	742	903	-24	6	0	65	65	NA
708	8	742	0	24	-2859	0	50	0	NA
709	8	742	0	6	-2859	0	50	0	700
710	8	742	0	-6	-2859	0	50	0	NA
711	12	609	742	24	-6	0	65	65	NA
712	8	500	0	24	-2859	0	50	0	NA
713	8	500	0	-24	-2859	0	50	0	NA
714	12	609	742	24	-6	0	65	65	NA
715	12	903	742	-24	6	0	65	65	700
716	12	742	609	-24	6	0	65	65	NA
717	8	1100	0	6	-2859	0	50	0	NA
718	8	500	0	24	-2859	0	50	0	NA
719	12	742	1100	24	-6	0	65	65	NA
720	8	742	0	-6	-2859	0	50	0	NA
721	8	742	0	6	-2859	0	50	0	NA
722	8	1100	0	6	-2859	0	50	0	700
723	12	500	742	24	-6	0	65	65	NA
724	8	1100	0	-6	-2859	0	50	0	NA
725	12	742	1100	-24	6	0	65	65	NA
726	8	500	0	6	-2859	1	50	0	700
727	8	500	0	-24	-2859	0	50	0	NA
728	12	742	609	24	-6	0	65	65	750
729	12	1100	742	24	-6	0	65	65	NA
730	12	742	500	24	-6	0	65	65	NA
731	8	500	0	-6	-2859	0	50	0	NA
732	12	742	500	24	-6	0	65	65	NA
733	8	742	0	24	-2859	0	50	0	NA
734	12	500	742	24	-6	0	65	65	NA
735	8	500	0	24	-2859	0	50	0	NA
736	8	1100	0	24	-2859	0	50	0	NA
737	12	742	903	24	-6	0	65	65	NA
738	12	742	1100	-24	6	0	65	65	NA
739	8	742	0	-24	-2859	0	50	0	NA
740	12	742	500	-24	6	0	65	65	800
741	8	1100	0	24	-2859	0	50	0	NA
742	12	1100	742	-24	6	0	65	65	NA
743	8	1100	0	6	-2859	0	50	0	NA
744	12	609	742	24	-6	0	65	65	NA
745	12	500	742	24	-6	0	65	65	NA
746	12	500	742	-24	6	0	65	65	700
747	12	742	609	-24	6	0	65	65	NA
748	8	742	0	24	-2859	0	50	0	NA
749	12	742	903	24	-6	0	65	65	NA
750	12	609	742	-24	6	0	65	65	NA
751	12	1100	742	-24	6	0	65	65	NA
752	12	500	742	24	-6	0	65	65	NA
753	12	903	742	24	-6	0	65	65	NA
754	12	742	1100	-24	6	0	65	65	NA
755	12	500	742	24	-6	0	65	65	NA
756	8	1100	0	-24	-2859	1	50	0	700
757	12	1100	742	24	-6	0	65	65	800
758	8	1100	0	24	-2859	0	50	0	NA
759	12	742	903	-24	6	0	65	65	NA
760	8	500	0	-24	-2859	0	50	0	NA
761	12	500	742	-24	6	0	65	65	NA
762	8	742	0	6	-2859	0	50	0	NA
763	8	1100	0	6	-2859	0	50	0	NA
764	12	742	500	24	-6	0	65	65	NA
765	8	1100	0	6	-2859	0	50	0	NA
766	12	609	742	-24	6	0	65	65	NA
767	12	742	1100	24	-6	0	65	65	NA
768	12	742	1100	-24	6	0	65	65	700
769	12	742	903	-24	6	0	65	65	800
770	12	500	742	-24	6	0	65	65	NA
771	8	742	0	24	-2859	0	50	0	NA
772	12	742	903	24	-6	0	65	65	NA
773	12	1100	742	-24	6	0	65	65	NA
774	12	609	742	24	-6	0	65	65	750
775	12	500	742	24	-6	0	65	65	700
776	12	500	742	24	-6	0	65	65	NA
777	8	742	0	-24	-2859	0	50	0	NA
778	12	1100	742	24	-6	0	65	65	NA
779	8	500	0	-6	-2859	0	50	0	NA
780	8	500	0	-6	-2859	0	50	0	NA
781	12	609	742	-24	6	1	65	65	700
782	8	1100	0	-24	-2859	0	50	0	NA
783	12	1100	742	24	-6	0	65	65	NA
784	8	1100	0	6	-2859	0	50	0	NA
785	12	609	742	24	-6	0	65	65	NA
786	8	1100	0	6	-2859	0	50	0	NA
787	12	1100	742	24	-6	0	65	65	NA
788	8	742	0	6	-2859	0	50	0	NA
789	12	500	742	-24	6	0	65	65	NA
790	12	742	500	24	-6	0	65	65	NA
791	12	742	903	-24	6	0	65	65	NA
792	12	903	742	24	-6	0	65	65	NA
793	8	742	0	-24	-2859	0	50	0	NA
794	12	742	609	-24	6	0	65	65	750
795	12	742	903	-24	6	0	65	65	NA
796	8	742	0	6	-2859	0	50	0	NA
797	12	1100	742	-24	6	0	65	65	800
798	12	609	742	24	-6	0	65	65	NA
799	8	1100	0	-24	-2859	0	50	0	NA
800	12	742	903	-24	6	0	65	65	NA
801	12	742	500	24	-6	0	65	65	NA
802	8	500	0	-6	-2859	0	50	0	NA
803	12	742	609	-24	6	0	65	65	NA
804	8	500	0	24	-2859	0	50	0	NA
805	8	500	0	24	-2859	0	50	0	NA
806	8	500	0	-24	-2859	0	50	0	NA
807	12	742	903	-24	6	0	65	65	NA
808	12	903	742	-24	6	0	65	65	NA
809	8	500	0	-24	-2859	0	50	0	NA
810	12	903	742	-24	6	0	65	65	NA
811	12	500	742	-24	6	0	65	65	NA
812	12	1100	742	-24	6	0	65	65	700
813	12	609	742	-24	6	1	65	65	800
814	12	742	609	24	-6	0	65	65	NA
815	8	1100	0	24	-2859	0	50	0	NA
816	12	903	742	24	-6	0	65	65	800
817	12	742	903	24	-6	0	65	65	NA
818	8	742	0	-6	-2859	0	50	0	NA
819	8	742	0	24	-2859	0	50	0	NA
820	12	609	742	24	-6	0	65	65	NA
821	12	742	500	24	-6	0	65	65	NA
822	8	742	0	24	-2859	0	50	0	NA
823	8	500	0	24	-2859	0	50	0	NA
824	12	609	742	24	-6	0	65	65	NA
825	12	500	742	24	-6	0	65	65	NA
826	12	500	742	24	-6	0	65	65	NA
827	8	1100	0	-24	-2859	0	50	0	NA
828	12	742	609	-24	6	0	65	65	NA
829	12	742	903	24	-6	0	65	65	NA
830	8	500	0	-6	-2859	0	50	0	NA
831	8	1100	0	6	-2859	0	50	0	NA
832	8	1100	0	24	-2859	0	50	0	NA
833	12	742	609	24	-6	0	65	65	NA
834	8	1100	0	24	-2859	0	50	0	NA
835	12	500	742	24	-6	0	65	65	NA
836	12	903	742	-24	6	0	65	65	NA
837	8	500	0	-6	-2859	0	50	0	NA
838	12	500	742	24	-6	0	65	65	NA
839	12	742	609	-24	6	0	65	65	800
840	12	609	742	-24	6	0	65	65	700
841	12	1100	742	-24	6	0	65	65	700
842	8	500	0	-24	-2859	1	50	0	700
843	12	742	609	-24	6	0	65	65	NA
844	12	1100	742	-24	6	0	65	65	NA
845	12	609	742	24	-6	0	65	65	NA
846	8	500	0	6	-2859	0	50	0	NA
847	12	903	742	24	-6	0	65	65	NA
848	12	1100	742	24	-6	0	65	65	NA
849	8	1100	0	-24	-2859	0	50	0	NA
850	8	1100	0	24	-2859	0	50	0	NA
851	8	742	0	6	-2859	0	50	0	NA
852	12	742	500	-24	6	0	65	65	750
853	8	742	0	-24	-2859	0	50	0	NA
854	8	742	0	-6	-2859	0	50	0	NA
855	8	742	0	6	-2859	0	50	0	NA
856	8	742	0	24	-2859	0	50	0	NA
857	12	742	903	-24	6	0	65	65	NA
858	12	742	903	24	-6	0	65	65	700
859	8	742	0	-24	-2859	0	50	0	NA
860	12	742	1100	24	-6	0	65	65	NA
861	12	1100	742	-24	6	0	65	65	NA
862	8	500	0	6	-2859	0	50	0	NA
863	12	609	742	24	-6	0	65	65	800
864	12	742	500	24	-6	0	65	65	NA
865	12	500	742	24	-6	0	65	65	NA
866	12	742	1100	-24	6	0	65	65	NA
867	12	742	1100	-24	6	0	65	65	NA
868	8	742	0	-24	-2859	0	50	0	NA
869	12	903	742	24	-6	0	65	65	NA
870	12	742	609	-24	6	0	65	65	NA
871	12	1100	742	-24	6	0	65	65	NA
872	8	1100	0	6	-2859	0	50	0	700
873	8	1100	0	-6	-2859	0	50	0	NA
874	12	609	742	24	-6	0	65	65	NA
875	8	500	0	24	-2859	0	50	0	NA
876	12	742	1100	-24	6	0	65	65	NA
877	12	742	609	-24	6	0	65	65	NA
878	8	500	0	24	-2859	0	50	0	NA
879	8	1100	0	-6	-2859	0	50	0	NA
880	8	742	0	-6	-2859	0	50	0	NA
881	8	742	0	-6	-2859	0	50	0	NA
882	8	742	0	-6	-2859	0	50	0	700
883	12	903	742	24	-6	1	65	65	800
884	12	1100	742	24	-6	0	65	65	NA
885	12	742	1100	24	-6	1	65	65	800
886	12	903	742	24	-6	0	65	65	NA
887	8	742	0	-24	-2859	0	50	0	NA
888	12	742	609	24	-6	0	65	65	NA
889	12	903	742	-24	6	0	65	65	NA
890	12	742	1100	-24	6	0	65	65	700
891	8	500	0	24	-2859	0	50	0	NA
892	8	500	0	-6	-2859	0	50	0	NA
893	12	742	903	24	-6	0	65	65	NA
894	12	1100	742	24	-6	0	65	65	800
895	12	742	500	-24	6	0	65	65	NA
896	12	1100	742	24	-6	0	65	65	NA
897	8	500	0	24	-2859	0	50	0	NA
898	8	1100	0	-6	-2859	0	50	0	NA
899	8	1100	0	24	-2859	0	50	0	NA
900	8	1100	0	6	-2859	0	50	0	NA
901	8	500	0	24	-2859	0	50	0	NA
902	12	1100	742	24	-6	1	65	65	750
903	8	500	0	-6	-2859	0	50	0	NA
904	12	500	742	-24	6	0	65	65	NA
905	8	742	0	24	-2859	0	50	0	NA
906	8	742	0	24	-2859	0	50	0	NA
907	8	500	0	-24	-2859	1	50	0	800
908	12	742	1100	24	-6	0	65	65	NA
909	12	742	609	24	-6	0	65	65	NA
910	12	500	742	24	-6	0	65	65	NA
911	8	1100	0	-24	-2859	0	50	0	NA
912	8	500	0	-24	-2859	0	50	0	NA
913	12	742	1100	-24	6	0	65	65	NA
914	8	742	0	-6	-2859	0	50	0	NA
915	8	1100	0	-24	-2859	0	50	0	NA
916	12	500	742	-24	6	0	65	65	NA
917	12	742	903	24	-6	0	65	65	NA
918	8	1100	0	24	-2859	0	50	0	NA
919	12	742	500	-24	6	0	65	65	NA
920	12	500	742	24	-6	0	65	65	NA
921	8	1100	0	6	-2859	0	50	0	NA
922	8	1100	0	6	-2859	0	50	0	NA
923	12	742	1100	24	-6	0	65	65	NA
924	8	500	0	-6	-2859	0	50	0	700
925	8	500	0	24	-2859	0	50	0	NA
926	8	742	0	6	-2859	0	50	0	NA
927	12	742	500	24	-6	0	65	65	NA
928	8	1100	0	-24	-2859	0	50	0	NA
929	8	500	0	-6	-2859	0	50	0	NA
930	8	742	0	-6	-2859	0	50	0	NA
931	8	1100	0	6	-2859	0	50	0	NA
932	8	742	0	-24	-2859	0	50	0	NA
933	12	1100	742	24	-6	0	65	65	NA
934	12	1100	742	24	-6	0	65	65	NA
935	8	1100	0	-6	-2859	0	50	0	NA
936	12	742	903	-24	6	0	65	65	750
937	12	500	742	24	-6	0	65	65	NA
938	8	1100	0	6	-2859	0	50	0	NA
939	8	742	0	6	-2859	0	50	0	750
940	8	742	0	-6	-2859	1	50	0	800
941	12	903	742	24	-6	0	65	65	NA
942	8	1100	0	-24	-2859	0	50	0	NA
943	8	742	0	6	-2859	1	50	0	700
944	12	742	903	-24	6	0	65	65	NA
945	8	1100	0	6	-2859	0	50	0	NA
946	12	903	742	24	-6	0	65	65	NA
947	12	742	609	24	-6	0	65	65	NA
948	8	500	0	-6	-2859	0	50	0	NA
949	12	609	742	-24	6	0	65	65	NA
950	12	1100	742	24	-6	0	65	65	NA
951	12	609	742	-24	6	0	65	65	NA
952	12	903	742	24	-6	0	65	65	NA
953	12	609	742	-24	6	0	65	65	NA
954	8	500	0	24	-2859	0	50	0	NA
955	12	742	500	-24	6	0	65	65	NA
956	12	742	1100	24	-6	0	65	65	NA
957	8	500	0	6	-2859	0	50	0	NA
958	8	500	0	6	-2859	0	50	0	NA
959	8	500	0	6	-2859	0	50	0	NA
960	8	500	0	-24	-2859	1	50	0	750
961	12	742	1100	24	-6	0	65	65	NA
962	8	500	0	-6	-2859	0	50	0	NA
963	8	1100	0	6	-2859	0	50	0	NA
964	12	500	742	-24	6	0	65	65	NA
965	8	1100	0	24	-2859	0	50	0	NA
966	12	500	742	24	-6	0	65	65	NA
967	12	742	500	-24	6	0	65	65	NA
968	12	742	609	24	-6	0	65	65	NA
969	12	500	742	-24	6	0	65	65	NA
970	12	742	609	-24	6	0	65	65	NA
971	8	1100	0	-6	-2859	0	50	0	NA
972	8	742	0	-24	-2859	0	50	0	NA
973	12	742	609	-24	6	0	65	65	NA
974	12	609	742	24	-6	0	65	65	NA
975	8	742	0	6	-2859	1	50	0	700
976	12	742	1100	24	-6	0	65	65	NA
977	12	742	609	-24	6	0	65	65	700
978	8	742	0	-24	-2859	0	50	0	NA
979	12	742	609	24	-6	0	65	65	NA
980	8	500	0	-6	-2859	0	50	0	NA
981	12	742	609	24	-6	0	65	65	NA
982	12	742	903	24	-6	1	65	65	800
983	8	500	0	24	-2859	0	50	0	NA
984	12	742	500	-24	6	0	65	65	NA
985	8	1100	0	-6	-2859	0	50	0	700
986	12	1100	742	-24	6	0	65	65	NA
987	8	500	0	-24	-2859	0	50	0	NA
988	8	1100	0	-24	-2859	0	50	0	NA
989	12	903	742	24	-6	0	65	65	NA
990	8	742	0	-24	-2859	0	50	0	NA
991	8	500	0	-24	-2859	0	50	0	NA
992	8	1100	0	6	-2859	0	50	0	NA
993	12	1100	742	-24	6	0	65	65	NA
994	12	742	609	24	-6	0	65	65	NA
995	8	742	0	24	-2859	0	50	0	NA
996	8	742	0	-24	-2859	0	50	0	NA
997	12	742	903	-24	6	0	65	65	NA
998	8	742	0	6	-2859	0	50	0	NA
999	12	1100	742	24	-6	0	65	65	NA
1000	12	1100	742	-24	6	0	65	65	NA
1001	8	742	0	-6	-2859	0	50	0	NA
1002	12	742	903	-24	6	0	65	65	NA
1003	12	742	1100	-24	6	0	65	65	NA
1004	12	609	742	-24	6	0	65	65	NA
1005	8	1100	0	-24	-2859	0	50	0	NA
1006	12	742	903	24	-6	0	65	65	NA
1007	12	903	742	24	-6	1	65	65	750
1008	12	742	903	-24	6	0	65	65	NA
1009	12	742	500	-24	6	0	65	65	NA
1010	8	500	0	6	-2859	0	50	0	NA
1011	8	742	0	-6	-2859	0	50	0	NA
1012	8	1100	0	-24	-2859	0	50	0	NA
1013	12	609	742	-24	6	1	65	65	800
1014	8	500	0	24	-2859	0	50	0	NA
1015	12	500	742	-24	6	0	65	65	NA
1016	12	742	903	-24	6	0	65	65	NA
1017	12	742	500	24	-6	1	65	65	800
1018	12	609	742	-24	6	0	65	65	NA
1019	12	500	742	-24	6	0	65	65	NA
1020	8	742	0	-24	-2859	0	50	0	NA
1021	12	1100	742	-24	6	0	65	65	NA
1022	12	609	742	24	-6	0	65	65	NA
1023	12	742	1100	24	-6	0	65	65	NA
1024	12	742	500	24	-6	0	65	65	NA
1025	12	742	1100	24	-6	0	65	65	NA
1026	12	742	609	24	-6	0	65	65	NA
1027	8	500	0	-6	-2859	0	50	0	NA
1028	8	1100	0	-24	-2859	0	50	0	NA
1029	8	500	0	-24	-2859	0	50	0	NA
1030	8	500	0	24	-2859	0	50	0	NA
1031	12	742	1100	24	-6	0	65	65	NA
1032	8	742	0	24	-2859	0	50	0	NA
1033	8	742	0	6	-2859	0	50	0	NA
1034	8	742	0	-6	-2859	1	50	0	750
1035	8	1100	0	6	-2859	0	50	0	NA
1036	8	1100	0	24	-2859	0	50	0	NA
1037	12	500	742	24	-6	0	65	65	800
1038	12	609	742	-24	6	0	65	65	NA
1039	12	742	500	-24	6	0	65	65	NA
1040	12	1100	742	-24	6	0	65	65	NA
1041	8	1100	0	6	-2859	0	50	0	NA
1042	8	500	0	6	-2859	0	50	0	NA
1043	8	500	0	-24	-2859	1	50	0	750
1044	8	1100	0	6	-2859	0	50	0	NA
1045	12	609	742	24	-6	0	65	65	800
1046	8	1100	0	-24	-2859	0	50	0	NA
1047	12	742	500	24	-6	0	65	65	NA
1048	12	609	742	24	-6	0	65	65	NA
1049	12	742	500	-24	6	0	65	65	NA
1050	8	500	0	24	-2859	0	50	0	NA
1051	8	742	0	24	-2859	1	50	0	700
1052	8	1100	0	-6	-2859	0	50	0	NA
1053	8	742	0	6	-2859	0	50	0	NA
1054	12	742	903	-24	6	1	65	65	700
1055	12	742	1100	-24	6	0	65	65	NA
1056	8	1100	0	-24	-2859	0	50	0	NA
1057	12	903	742	-24	6	0	65	65	NA
1058	8	742	0	-6	-2859	0	50	0	800
1059	12	903	742	24	-6	0	65	65	NA
1060	8	500	0	24	-2859	0	50	0	750
1061	12	742	609	-24	6	1	65	65	700
1062	8	500	0	6	-2859	0	50	0	NA
1063	12	1100	742	-24	6	0	65	65	NA
1064	12	742	1100	-24	6	0	65	65	NA
1065	12	1100	742	-24	6	0	65	65	NA
1066	8	742	0	6	-2859	0	50	0	NA
1067	8	742	0	24	-2859	0	50	0	NA
1068	8	1100	0	-24	-2859	0	50	0	NA
1069	12	742	903	-24	6	0	65	65	NA
1070	12	609	742	-24	6	0	65	65	NA
1071	8	500	0	6	-2859	0	50	0	NA
1072	12	500	742	24	-6	0	65	65	NA
1073	8	500	0	6	-2859	0	50	0	NA
1074	8	500	0	-24	-2859	0	50	0	NA
1075	12	742	500	24	-6	0	65	65	NA
1076	8	1100	0	24	-2859	1	50	0	800
1077	8	742	0	-24	-2859	1	50	0	700
1078	8	1100	0	-24	-2859	0	50	0	NA
1079	8	742	0	24	-2859	0	50	0	NA
1080	12	742	903	24	-6	0	65	65	NA
1081	12	742	1100	-24	6	0	65	65	NA
1082	12	742	500	-24	6	0	65	65	NA
1083	12	500	742	-24	6	0	65	65	NA
1084	8	742	0	-24	-2859	0	50	0	NA
1085	8	742	0	24	-2859	0	50	0	NA
1086	12	1100	742	24	-6	0	65	65	NA
1087	12	903	742	-24	6	0	65	65	NA
1088	12	742	903	24	-6	0	65	65	700
1089	12	742	500	24	-6	0	65	65	NA
1090	12	742	500	-24	6	0	65	65	NA
1091	8	500	0	-6	-2859	0	50	0	NA
1092	8	1100	0	-6	-2859	0	50	0	NA
1093	8	1100	0	-24	-2859	0	50	0	NA
1094	12	742	903	-24	6	0	65	65	NA
1095	12	1100	742	-24	6	0	65	65	NA
1096	8	742	0	6	-2859	0	50	0	NA
1097	12	742	1100	-24	6	0	65	65	NA
1098	12	742	903	24	-6	0	65	65	NA
1099	12	742	500	24	-6	0	65	65	NA
1100	12	1100	742	24	-6	0	65	65	NA
1101	12	742	609	-24	6	0	65	65	NA
1102	8	742	0	-6	-2859	0	50	0	NA
1103	12	500	742	24	-6	0	65	65	NA
1104	12	742	903	-24	6	0	65	65	NA
1105	12	609	742	-24	6	0	65	65	NA
1106	12	500	742	24	-6	0	65	65	NA
1107	12	742	609	24	-6	0	65	65	NA
1108	12	742	903	-24	6	0	65	65	NA
1109	8	1100	0	-24	-2859	0	50	0	NA
1110	12	742	1100	24	-6	0	65	65	NA
1111	8	500	0	6	-2859	0	50	0	NA
1112	8	500	0	-24	-2859	0	50	0	NA
1113	8	500	0	24	-2859	0	50	0	NA
1114	12	500	742	24	-6	0	65	65	NA
1115	12	500	742	-24	6	0	65	65	NA
1116	8	500	0	-6	-2859	0	50	0	NA
1117	12	742	1100	24	-6	0	65	65	NA
1118	12	742	903	-24	6	0	65	65	NA
1119	12	500	742	24	-6	0	65	65	NA
1120	12	500	742	24	-6	0	65	65	NA
1121	8	1100	0	24	-2859	0	50	0	NA
1122	12	500	742	-24	6	0	65	65	NA
1123	12	742	903	-24	6	0	65	65	NA
1124	8	742	0	-6	-2859	0	50	0	NA
1125	12	500	742	-24	6	0	65	65	NA
1126	12	742	500	24	-6	0	65	65	NA
1127	8	500	0	-24	-2859	0	50	0	NA
1128	12	903	742	-24	6	0	65	65	NA
1129	8	500	0	24	-2859	0	50	0	800
1130	12	742	903	24	-6	0	65	65	NA
1131	12	609	742	24	-6	0	65	65	NA
1132	8	742	0	-24	-2859	0	50	0	NA
1133	12	1100	742	-24	6	0	65	65	NA
1134	12	609	742	24	-6	0	65	65	NA
1135	8	1100	0	-24	-2859	0	50	0	NA
1136	8	1100	0	-6	-2859	0	50	0	NA
1137	8	742	0	-24	-2859	0	50	0	NA
1138	12	742	500	24	-6	0	65	65	800
1139	12	609	742	24	-6	0	65	65	NA
1140	12	1100	742	24	-6	0	65	65	NA
1141	8	742	0	6	-2859	0	50	0	NA
1142	12	609	742	24	-6	0	65	65	750
1143	12	742	500	-24	6	0	65	65	NA
1144	12	903	742	24	-6	0	65	65	NA
1145	12	500	742	24	-6	0	65	65	NA
1146	8	742	0	-6	-2859	0	50	0	NA
1147	8	742	0	24	-2859	0	50	0	NA
1148	8	500	0	-24	-2859	1	50	0	800
1149	12	903	742	-24	6	0	65	65	800
1150	12	742	609	24	-6	0	65	65	NA
1151	8	1100	0	24	-2859	1	50	0	750
1152	8	1100	0	6	-2859	0	50	0	NA
1153	8	742	0	24	-2859	0	50	0	NA
1154	12	903	742	24	-6	0	65	65	NA
1155	12	1100	742	-24	6	0	65	65	750
1156	12	742	1100	-24	6	0	65	65	NA
1157	12	500	742	-24	6	0	65	65	NA
1158	12	609	742	-24	6	0	65	65	NA
1159	12	742	500	-24	6	0	65	65	NA
1160	8	500	0	6	-2859	1	50	0	750
1161	12	609	742	24	-6	0	65	65	NA
1162	8	1100	0	-6	-2859	0	50	0	NA
1163	8	500	0	6	-2859	0	50	0	700
1164	12	500	742	-24	6	0	65	65	NA
1165	8	742	0	24	-2859	0	50	0	NA
1166	12	903	742	24	-6	0	65	65	NA
1167	12	742	500	-24	6	0	65	65	NA
1168	12	1100	742	-24	6	0	65	65	NA
1169	8	742	0	6	-2859	0	50	0	NA
1170	8	500	0	-6	-2859	0	50	0	NA
1171	8	500	0	-24	-2859	0	50	0	NA
1172	8	742	0	-24	-2859	1	50	0	800
1173	8	742	0	-24	-2859	0	50	0	NA
1174	12	500	742	-24	6	0	65	65	NA
1175	12	742	500	-24	6	0	65	65	NA
1176	12	1100	742	24	-6	0	65	65	NA
1177	8	500	0	24	-2859	0	50	0	NA
1178	8	1100	0	24	-2859	0	50	0	NA
1179	12	1100	742	24	-6	0	65	65	NA
1180	12	500	742	24	-6	0	65	65	700
1181	12	1100	742	-24	6	0	65	65	NA
1182	8	1100	0	-24	-2859	0	50	0	NA
1183	12	609	742	24	-6	0	65	65	NA
1184	12	742	500	-24	6	0	65	65	NA
1185	8	1100	0	6	-2859	0	50	0	NA
1186	12	1100	742	-24	6	0	65	65	NA
1187	12	500	742	24	-6	0	65	65	NA
1188	8	742	0	24	-2859	0	50	0	NA
1189	12	742	903	24	-6	0	65	65	750
1190	12	742	609	24	-6	0	65	65	NA
1191	8	742	0	24	-2859	0	50	0	NA
1192	12	903	742	-24	6	0	65	65	NA
1193	8	500	0	-24	-2859	0	50	0	NA
1194	8	1100	0	-24	-2859	0	50	0	NA
1195	12	742	1100	24	-6	0	65	65	NA
1196	12	609	742	24	-6	0	65	65	NA
1197	12	903	742	24	-6	0	65	65	NA
1198	8	1100	0	-6	-2859	0	50	0	NA
1199	8	742	0	-24	-2859	0	50	0	NA
1200	8	742	0	6	-2859	0	50	0	NA
1201	8	1100	0	-24	-2859	0	50	0	NA
1202	8	500	0	-24	-2859	1	50	0	750
1203	12	742	609	-24	6	0	65	65	NA
1204	8	500	0	6	-2859	0	50	0	NA
1205	12	742	1100	-24	6	1	65	65	700
1206	8	742	0	-6	-2859	0	50	0	NA
1207	8	742	0	24	-2859	0	50	0	NA
1208	12	903	742	24	-6	0	65	65	750
1209	12	609	742	24	-6	0	65	65	800
1210	12	1100	742	24	-6	0	65	65	700
1211	8	1100	0	6	-2859	0	50	0	NA
1212	8	500	0	6	-2859	0	50	0	NA
1213	12	500	742	-24	6	1	65	65	750
1214	12	742	903	24	-6	0	65	65	NA
1215	12	500	742	-24	6	0	65	65	NA
1216	8	742	0	-24	-2859	0	50	0	NA
1217	8	1100	0	-6	-2859	0	50	0	NA
1218	12	742	1100	-24	6	0	65	65	NA
1219	12	1100	742	-24	6	0	65	65	NA
1220	12	609	742	-24	6	0	65	65	NA
1221	8	500	0	-24	-2859	0	50	0	NA
1222	8	742	0	-24	-2859	0	50	0	NA
1223	12	1100	742	-24	6	0	65	65	NA
1224	12	609	742	-24	6	0	65	65	NA
1225	12	742	1100	-24	6	0	65	65	NA
1226	12	1100	742	-24	6	0	65	65	NA
1227	8	500	0	24	-2859	0	50	0	NA
1228	12	742	1100	24	-6	0	65	65	800
1229	8	1100	0	-6	-2859	0	50	0	800
1230	8	500	0	6	-2859	0	50	0	NA
1231	8	500	0	-6	-2859	1	50	0	750
1232	12	500	742	-24	6	0	65	65	NA
1233	8	1100	0	24	-2859	0	50	0	800
1234	8	742	0	-24	-2859	0	50	0	NA
1235	8	742	0	-6	-2859	0	50	0	NA
1236	12	742	500	-24	6	0	65	65	NA
1237	8	500	0	24	-2859	0	50	0	NA
1238	8	742	0	24	-2859	0	50	0	NA
1239	8	500	0	-6	-2859	0	50	0	NA
1240	8	1100	0	-24	-2859	0	50	0	800
1241	12	742	609	24	-6	0	65	65	800
1242	8	1100	0	-6	-2859	0	50	0	NA
1243	12	1100	742	24	-6	0	65	65	NA
1244	12	500	742	24	-6	0	65	65	NA
1245	8	742	0	6	-2859	0	50	0	NA
1246	12	903	742	24	-6	0	65	65	NA
1247	12	742	1100	24	-6	0	65	65	NA
1248	8	742	0	24	-2859	0	50	0	NA
1249	8	500	0	-6	-2859	0	50	0	NA
1250	12	500	742	24	-6	0	65	65	NA
1251	12	1100	742	24	-6	0	65	65	700
1252	12	742	903	24	-6	0	65	65	NA
1253	8	500	0	-6	-2859	0	50	0	NA
1254	12	742	609	-24	6	0	65	65	NA
1255	8	1100	0	-6	-2859	0	50	0	NA
1256	12	1100	742	-24	6	0	65	65	NA
1257	12	742	609	-24	6	0	65	65	NA
1258	12	742	609	24	-6	0	65	65	NA
1259	8	500	0	6	-2859	0	50	0	NA
1260	8	742	0	6	-2859	0	50	0	NA
1261	8	742	0	-6	-2859	0	50	0	NA
1262	12	742	1100	-24	6	0	65	65	NA
1263	12	742	1100	-24	6	0	65	65	NA
1264	12	1100	742	-24	6	0	65	65	NA
1265	12	742	500	24	-6	0	65	65	NA
1266	8	1100	0	-24	-2859	1	50	0	800
1267	12	742	500	-24	6	0	65	65	NA
1268	8	1100	0	24	-2859	0	50	0	NA
1269	12	500	742	-24	6	0	65	65	NA
1270	12	742	1100	-24	6	0	65	65	NA
1271	12	742	1100	-24	6	0	65	65	NA
1272	8	1100	0	-24	-2859	0	50	0	NA
1273	8	1100	0	-24	-2859	0	50	0	NA
1274	8	1100	0	6	-2859	0	50	0	NA
1275	12	742	1100	-24	6	0	65	65	NA
1276	12	742	609	-24	6	0	65	65	NA
1277	12	742	1100	-24	6	0	65	65	NA
1278	12	500	742	24	-6	0	65	65	NA
1279	12	903	742	24	-6	0	65	65	NA
1280	12	742	609	-24	6	0	65	65	NA
1281	12	609	742	-24	6	0	65	65	NA
1282	12	903	742	24	-6	0	65	65	NA
1283	12	500	742	24	-6	0	65	65	NA
1284	12	609	742	-24	6	0	65	65	NA
1285	8	500	0	24	-2859	0	50	0	750
1286	12	609	742	24	-6	0	65	65	NA
1287	8	742	0	6	-2859	0	50	0	NA
1288	12	1100	742	24	-6	0	65	65	NA
1289	12	742	1100	-24	6	0	65	65	800
1290	8	1100	0	-24	-2859	0	50	0	NA
1291	12	742	500	-24	6	0	65	65	NA
1292	12	742	903	-24	6	0	65	65	NA
1293	8	742	0	24	-2859	0	50	0	NA
1294	12	500	742	24	-6	0	65	65	NA
1295	8	742	0	6	-2859	0	50	0	NA
1296	8	500	0	-24	-2859	0	50	0	NA
1297	8	500	0	24	-2859	0	50	0	NA
1298	12	742	609	24	-6	0	65	65	NA
1299	12	742	1100	24	-6	0	65	65	NA
1300	12	742	903	24	-6	0	65	65	NA
1301	12	742	1100	-24	6	0	65	65	NA
1302	8	500	0	-6	-2859	1	50	0	700
1303	8	500	0	-24	-2859	0	50	0	NA
1304	8	1100	0	-24	-2859	0	50	0	NA
1305	12	742	609	24	-6	0	65	65	NA
1306	8	1100	0	-24	-2859	0	50	0	NA
1307	12	742	903	24	-6	0	65	65	800
1308	8	1100	0	6	-2859	0	50	0	NA
1309	8	500	0	-24	-2859	0	50	0	NA
1310	8	500	0	-24	-2859	0	50	0	NA
1311	12	609	742	-24	6	0	65	65	NA
1312	12	903	742	24	-6	0	65	65	800
1313	12	500	742	24	-6	0	65	65	NA
1314	12	609	742	-24	6	0	65	65	NA
1315	12	742	1100	-24	6	0	65	65	NA
1316	12	742	903	24	-6	0	65	65	NA
1317	12	742	609	-24	6	0	65	65	NA
1318	8	742	0	-24	-2859	0	50	0	NA
1319	12	609	742	-24	6	0	65	65	NA
1320	8	742	0	-6	-2859	1	50	0	700
1321	8	742	0	-24	-2859	0	50	0	NA
1322	8	1100	0	-24	-2859	0	50	0	NA
1323	12	500	742	24	-6	0	65	65	700
1324	8	1100	0	6	-2859	0	50	0	NA
1325	12	609	742	24	-6	0	65	65	700
1326	12	742	903	-24	6	0	65	65	NA
1327	12	1100	742	-24	6	0	65	65	800
1328	8	500	0	-24	-2859	0	50	0	NA
1329	8	1100	0	-6	-2859	0	50	0	NA
1330	12	742	609	-24	6	0	65	65	NA
1331	8	1100	0	24	-2859	1	50	0	800
1332	12	903	742	24	-6	0	65	65	NA
1333	12	500	742	24	-6	0	65	65	700
1334	12	742	1100	24	-6	0	65	65	750
1335	8	500	0	24	-2859	0	50	0	700
1336	8	500	0	6	-2859	0	50	0	NA
1337	12	742	500	-24	6	0	65	65	NA
1338	12	742	903	24	-6	0	65	65	NA
1339	8	742	0	24	-2859	0	50	0	700
1340	8	742	0	-24	-2859	0	50	0	NA
1341	8	742	0	24	-2859	0	50	0	NA
1342	8	500	0	-6	-2859	0	50	0	NA
1343	12	500	742	-24	6	0	65	65	NA
1344	12	742	1100	-24	6	0	65	65	NA
1345	8	500	0	6	-2859	0	50	0	NA
1346	12	742	1100	-24	6	0	65	65	NA
1347	8	1100	0	-6	-2859	0	50	0	NA
1348	12	1100	742	24	-6	0	65	65	NA
1349	12	1100	742	24	-6	0	65	65	NA
1350	8	1100	0	-6	-2859	1	50	0	700
1351	8	1100	0	24	-2859	0	50	0	750
1352	8	500	0	-24	-2859	0	50	0	800
1353	8	500	0	-6	-2859	0	50	0	NA
1354	12	500	742	-24	6	0	65	65	800
1355	8	742	0	24	-2859	0	50	0	NA
1356	8	742	0	-6	-2859	0	50	0	NA
1357	8	742	0	6	-2859	1	50	0	750
1358	8	1100	0	-6	-2859	0	50	0	NA
1359	8	1100	0	-24	-2859	0	50	0	NA
1360	12	903	742	24	-6	0	65	65	NA
1361	8	500	0	-24	-2859	0	50	0	NA
1362	8	500	0	6	-2859	0	50	0	NA
1363	12	742	1100	-24	6	0	65	65	NA
1364	8	500	0	6	-2859	0	50	0	NA
1365	8	742	0	-24	-2859	0	50	0	NA
1366	12	1100	742	-24	6	0	65	65	NA
1367	8	1100	0	6	-2859	0	50	0	NA
1368	8	742	0	24	-2859	0	50	0	NA
1369	8	1100	0	6	-2859	0	50	0	NA
1370	8	742	0	24	-2859	0	50	0	NA
1371	12	742	1100	24	-6	0	65	65	NA
1372	12	742	609	24	-6	0	65	65	NA
1373	12	742	500	24	-6	0	65	65	NA
1374	12	742	1100	24	-6	0	65	65	750
1375	12	1100	742	24	-6	0	65	65	700
1376	8	1100	0	24	-2859	1	50	0	800
1377	8	1100	0	-6	-2859	0	50	0	NA
1378	12	609	742	24	-6	0	65	65	NA
1379	8	500	0	24	-2859	0	50	0	NA
1380	12	500	742	-24	6	0	65	65	700
1381	12	742	1100	-24	6	0	65	65	NA
1382	8	500	0	-24	-2859	0	50	0	NA
1383	8	500	0	6	-2859	0	50	0	NA
1384	12	500	742	24	-6	0	65	65	NA
1385	8	1100	0	-24	-2859	1	50	0	700
1386	8	742	0	24	-2859	0	50	0	NA
1387	12	903	742	-24	6	0	65	65	NA
1388	12	742	1100	24	-6	0	65	65	700
1389	12	609	742	-24	6	0	65	65	NA
1390	12	742	500	24	-6	0	65	65	NA
1391	8	1100	0	-24	-2859	0	50	0	NA
1392	12	500	742	-24	6	0	65	65	800
1393	8	742	0	6	-2859	0	50	0	NA
1394	8	742	0	-24	-2859	0	50	0	NA
1395	12	500	742	-24	6	0	65	65	NA
1396	12	742	1100	24	-6	0	65	65	800
1397	8	1100	0	-6	-2859	0	50	0	NA
1398	8	1100	0	-24	-2859	0	50	0	NA
1399	12	609	742	24	-6	0	65	65	NA
1400	8	1100	0	-24	-2859	0	50	0	NA
1401	8	742	0	6	-2859	0	50	0	NA
1402	8	742	0	24	-2859	0	50	0	NA
1403	8	742	0	-24	-2859	0	50	0	NA
1404	12	903	742	-24	6	0	65	65	NA
1405	12	742	1100	24	-6	0	65	65	NA
1406	12	742	1100	24	-6	0	65	65	NA
1407	12	742	500	-24	6	0	65	65	NA
1408	8	1100	0	6	-2859	0	50	0	NA
1409	12	609	742	24	-6	0	65	65	800
1410	12	1100	742	24	-6	0	65	65	700
1411	8	500	0	6	-2859	0	50	0	NA
1412	8	500	0	24	-2859	0	50	0	NA
1413	12	500	742	-24	6	0	65	65	NA
1414	8	500	0	24	-2859	0	50	0	NA
1415	8	500	0	6	-2859	0	50	0	NA
1416	8	500	0	24	-2859	0	50	0	NA
1417	8	1100	0	-24	-2859	0	50	0	NA
1418	12	742	903	24	-6	0	65	65	NA
1419	12	742	609	24	-6	0	65	65	NA
1420	8	1100	0	-6	-2859	0	50	0	NA
1421	8	742	0	6	-2859	0	50	0	NA
1422	8	742	0	6	-2859	0	50	0	NA
1423	8	500	0	24	-2859	0	50	0	NA
1424	12	1100	742	24	-6	0	65	65	800
1425	8	1100	0	24	-2859	0	50	0	NA
1426	12	742	903	24	-6	0	65	65	NA
1427	8	742	0	24	-2859	0	50	0	NA
1428	8	500	0	-24	-2859	0	50	0	NA
1429	12	903	742	24	-6	0	65	65	NA
1430	12	1100	742	-24	6	0	65	65	NA
1431	12	1100	742	24	-6	0	65	65	NA
1432	12	742	903	-24	6	0	65	65	NA
1433	12	742	609	-24	6	0	65	65	NA
1434	8	500	0	6	-2859	0	50	0	NA
1435	12	1100	742	24	-6	0	65	65	700
1436	8	500	0	24	-2859	0	50	0	800
1437	12	1100	742	-24	6	0	65	65	NA
1438	8	742	0	-6	-2859	0	50	0	NA
1439	8	742	0	-6	-2859	1	50	0	700
1440	12	500	742	-24	6	0	65	65	NA
1441	12	903	742	24	-6	0	65	65	NA
1442	12	742	609	24	-6	0	65	65	NA
1443	8	500	0	-6	-2859	0	50	0	NA
1444	8	1100	0	6	-2859	0	50	0	NA
1445	12	1100	742	24	-6	0	65	65	700
1446	12	742	903	24	-6	0	65	65	NA
1447	12	742	1100	24	-6	0	65	65	NA
1448	8	500	0	-6	-2859	0	50	0	NA
1449	12	609	742	24	-6	0	65	65	NA
1450	8	742	0	6	-2859	0	50	0	NA
1451	12	742	609	-24	6	0	65	65	700
1452	12	500	742	24	-6	0	65	65	800
1453	8	1100	0	6	-2859	0	50	0	NA
1454	12	742	500	24	-6	0	65	65	NA
1455	12	742	903	-24	6	0	65	65	NA
1456	8	1100	0	24	-2859	0	50	0	NA
1457	12	500	742	24	-6	0	65	65	NA
1458	12	500	742	-24	6	0	65	65	NA
1459	12	742	1100	-24	6	0	65	65	NA
1460	8	1100	0	24	-2859	1	50	0	700
1461	8	1100	0	-24	-2859	0	50	0	NA
1462	12	742	500	-24	6	0	65	65	NA
1463	8	742	0	24	-2859	0	50	0	NA
1464	12	609	742	-24	6	0	65	65	NA
1465	8	1100	0	6	-2859	0	50	0	NA
1466	12	742	500	-24	6	0	65	65	NA
1467	8	1100	0	-24	-2859	0	50	0	NA
1468	12	1100	742	24	-6	0	65	65	NA
1469	8	742	0	24	-2859	0	50	0	NA
1470	12	500	742	-24	6	0	65	65	NA
1471	12	609	742	-24	6	0	65	65	NA
1472	12	903	742	-24	6	0	65	65	NA
1473	12	742	1100	24	-6	0	65	65	NA
1474	8	742	0	-24	-2859	0	50	0	800
1475	12	1100	742	24	-6	0	65	65	NA
1476	8	500	0	-6	-2859	0	50	0	NA
1477	12	742	609	-24	6	0	65	65	NA
1478	8	500	0	24	-2859	0	50	0	NA
1479	12	903	742	-24	6	0	65	65	NA
1480	8	500	0	-6	-2859	0	50	0	NA
1481	8	1100	0	-6	-2859	0	50	0	NA
1482	8	1100	0	24	-2859	1	50	0	800
1483	8	500	0	-6	-2859	0	50	0	NA
1484	8	500	0	24	-2859	0	50	0	700
1485	8	1100	0	6	-2859	0	50	0	NA
1486	8	1100	0	24	-2859	0	50	0	NA
1487	12	742	500	24	-6	0	65	65	NA
1488	12	742	500	-24	6	0	65	65	NA
1489	12	742	903	-24	6	0	65	65	NA
1490	8	742	0	24	-2859	0	50	0	NA
1491	12	742	903	-24	6	0	65	65	NA
1492	8	500	0	-24	-2859	0	50	0	NA
1493	12	742	609	24	-6	0	65	65	NA
1494	12	903	742	24	-6	0	65	65	NA
1495	8	742	0	24	-2859	0	50	0	NA
1496	8	742	0	6	-2859	0	50	0	NA
1497	12	500	742	24	-6	0	65	65	NA
1498	12	1100	742	24	-6	0	65	65	700
1499	8	500	0	-24	-2859	0	50	0	NA
1500	12	1100	742	-24	6	0	65	65	NA
1501	12	500	742	24	-6	0	65	65	NA
1502	8	500	0	24	-2859	0	50	0	NA
1503	8	1100	0	24	-2859	0	50	0	NA
1504	12	1100	742	-24	6	0	65	65	NA
1505	12	500	742	-24	6	0	65	65	NA
1506	12	903	742	-24	6	0	65	65	NA
1507	12	742	500	-24	6	0	65	65	NA
1508	12	742	1100	24	-6	0	65	65	NA
1509	12	1100	742	-24	6	1	65	65	750
1510	8	742	0	-24	-2859	0	50	0	NA
1511	8	1100	0	24	-2859	0	50	0	NA
1512	12	742	1100	24	-6	0	65	65	NA
1513	8	1100	0	-24	-2859	0	50	0	NA
1514	8	742	0	-6	-2859	0	50	0	NA
1515	8	742	0	-24	-2859	0	50	0	NA
1516	12	742	1100	24	-6	0	65	65	NA
1517	8	500	0	-6	-2859	0	50	0	NA
1518	8	500	0	24	-2859	0	50	0	NA
1519	12	742	1100	24	-6	0	65	65	NA
1520	12	903	742	-24	6	0	65	65	NA
1521	12	742	500	-24	6	0	65	65	NA
1522	8	742	0	6	-2859	0	50	0	NA
1523	8	742	0	-24	-2859	0	50	0	NA
1524	12	609	742	-24	6	0	65	65	NA
1525	12	742	609	24	-6	0	65	65	NA
1526	8	500	0	6	-2859	0	50	0	NA
1527	12	742	500	24	-6	0	65	65	NA
1528	12	1100	742	-24	6	0	65	65	NA
1529	8	1100	0	24	-2859	0	50	0	NA
1530	12	742	1100	24	-6	0	65	65	NA
1531	12	903	742	24	-6	0	65	65	NA
1532	12	500	742	-24	6	0	65	65	NA
1533	8	1100	0	-24	-2859	0	50	0	NA
1534	8	742	0	24	-2859	0	50	0	NA
1535	12	1100	742	-24	6	0	65	65	NA
1536	8	500	0	-24	-2859	0	50	0	NA
1537	8	742	0	-6	-2859	0	50	0	NA
1538	8	1100	0	-24	-2859	0	50	0	NA
1539	12	1100	742	24	-6	0	65	65	700
1540	12	742	903	24	-6	0	65	65	750
1541	12	609	742	-24	6	0	65	65	800
1542	12	742	1100	-24	6	0	65	65	NA
1543	12	903	742	-24	6	0	65	65	NA
1544	12	742	609	-24	6	0	65	65	NA
1545	8	500	0	-6	-2859	0	50	0	NA
1546	12	742	903	24	-6	0	65	65	750
1547	8	500	0	-24	-2859	0	50	0	NA
1548	8	500	0	-24	-2859	0	50	0	NA
1549	12	742	903	24	-6	0	65	65	NA
1550	12	742	609	24	-6	0	65	65	NA
1551	8	1100	0	-6	-2859	0	50	0	NA
1552	12	609	742	-24	6	0	65	65	700
1553	12	742	500	-24	6	0	65	65	800
1554	12	742	1100	-24	6	0	65	65	NA
1555	12	903	742	-24	6	0	65	65	NA
1556	8	742	0	-24	-2859	0	50	0	NA
1557	12	742	609	-24	6	0	65	65	NA
1558	12	742	609	24	-6	0	65	65	NA
1559	8	742	0	24	-2859	0	50	0	NA
1560	8	500	0	-6	-2859	0	50	0	NA
1561	12	742	500	24	-6	0	65	65	NA
1562	8	742	0	24	-2859	0	50	0	NA
1563	12	609	742	-24	6	0	65	65	NA
1564	8	500	0	-6	-2859	0	50	0	NA
1565	8	1100	0	6	-2859	0	50	0	NA
1566	12	1100	742	24	-6	0	65	65	NA
1567	12	500	742	-24	6	0	65	65	NA
1568	12	742	609	-24	6	0	65	65	NA
1569	12	742	500	-24	6	0	65	65	NA
1570	12	903	742	24	-6	0	65	65	NA
1571	8	1100	0	24	-2859	0	50	0	NA
1572	12	500	742	-24	6	0	65	65	750
1573	12	609	742	-24	6	0	65	65	NA
1574	12	742	903	-24	6	0	65	65	NA
1575	12	742	500	-24	6	0	65	65	NA
1576	12	742	1100	24	-6	0	65	65	NA
1577	12	609	742	24	-6	0	65	65	NA
1578	12	609	742	24	-6	0	65	65	NA
1579	8	1100	0	-24	-2859	0	50	0	NA
1580	12	742	500	24	-6	0	65	65	NA
1581	12	903	742	-24	6	0	65	65	NA
1582	12	609	742	-24	6	0	65	65	NA
1583	12	742	903	-24	6	0	65	65	NA
1584	8	1100	0	-6	-2859	0	50	0	NA
1585	12	742	1100	-24	6	0	65	65	NA
1586	8	1100	0	24	-2859	0	50	0	NA
1587	12	609	742	-24	6	0	65	65	800
1588	8	500	0	-24	-2859	0	50	0	NA
1589	8	742	0	6	-2859	0	50	0	NA
1590	12	500	742	24	-6	0	65	65	NA
1591	12	500	742	24	-6	0	65	65	NA
1592	8	500	0	6	-2859	0	50	0	NA
1593	8	500	0	6	-2859	0	50	0	NA
1594	8	1100	0	-6	-2859	0	50	0	NA
1595	12	1100	742	24	-6	0	65	65	800
1596	8	742	0	-6	-2859	0	50	0	NA
1597	8	742	0	-24	-2859	0	50	0	NA
1598	12	903	742	-24	6	0	65	65	NA
1599	12	742	500	-24	6	0	65	65	NA
1600	12	742	609	24	-6	0	65	65	NA
1601	8	500	0	6	-2859	0	50	0	NA
1602	12	903	742	-24	6	0	65	65	800
1603	12	742	1100	-24	6	0	65	65	NA
1604	12	742	609	-24	6	0	65	65	NA
1605	12	500	742	-24	6	0	65	65	NA
1606	12	903	742	-24	6	0	65	65	NA
1607	8	500	0	6	-2859	0	50	0	NA
1608	8	1100	0	24	-2859	0	50	0	NA
1609	8	1100	0	-6	-2859	0	50	0	NA
1610	12	500	742	24	-6	0	65	65	800
1611	12	903	742	-24	6	0	65	65	NA
1612	8	1100	0	24	-2859	0	50	0	NA
1613	12	742	1100	-24	6	0	65	65	NA
1614	12	742	903	24	-6	0	65	65	NA
1615	8	500	0	24	-2859	0	50	0	NA
1616	8	500	0	-24	-2859	0	50	0	NA
1617	8	742	0	-24	-2859	0	50	0	NA
1618	12	1100	742	24	-6	0	65	65	NA
1619	8	742	0	-24	-2859	0	50	0	NA
1620	12	609	742	24	-6	0	65	65	NA
1621	8	742	0	-24	-2859	0	50	0	NA
1622	8	500	0	24	-2859	0	50	0	NA
1623	8	500	0	24	-2859	0	50	0	NA
1624	12	1100	742	-24	6	0	65	65	NA
1625	12	903	742	24	-6	0	65	65	NA
1626	8	1100	0	-6	-2859	0	50	0	NA
1627	12	609	742	-24	6	0	65	65	NA
1628	12	742	1100	-24	6	0	65	65	NA
1629	8	1100	0	6	-2859	0	50	0	NA
1630	12	742	1100	24	-6	0	65	65	NA
1631	12	500	742	-24	6	0	65	65	NA
1632	12	903	742	-24	6	1	65	65	800
1633	8	1100	0	6	-2859	0	50	0	NA
1634	8	500	0	24	-2859	0	50	0	NA
1635	8	500	0	24	-2859	0	50	0	NA
1636	8	742	0	6	-2859	0	50	0	NA
1637	8	742	0	-24	-2859	1	50	0	800
1638	12	742	903	24	-6	0	65	65	700
1639	8	742	0	-24	-2859	0	50	0	NA
1640	12	1100	742	-24	6	0	65	65	NA
1641	8	500	0	-6	-2859	0	50	0	700
1642	12	500	742	24	-6	0	65	65	NA
1643	8	500	0	24	-2859	0	50	0	NA
