1	8	1988	0	-24	-2859	0	50	0	750
2	8	500	0	6	-2859	0	50	0	NA
3	8	1988	0	24	-2859	0	50	0	NA
4	12	742	609	-24	6	0	65	65	700
5	8	742	0	24	-2859	1	50	0	750
6	8	1988	0	-24	-2859	1	50	0	700
7	12	742	609	24	-6	1	65	65	800
8	8	742	0	6	-2859	0	50	0	800
9	8	1988	0	-6	-2859	1	50	0	700
10	12	742	609	24	-6	1	65	65	750
11	8	1988	0	-24	-2859	1	50	0	800
12	8	742	0	-24	-2859	1	50	0	700
13	12	903	742	24	-6	1	65	65	700
14	8	742	0	-6	-2859	1	50	0	800
15	12	742	500	24	-6	1	65	65	750
16	12	903	742	24	-6	1	65	65	800
17	8	1988	0	24	-2859	1	50	0	800
18	8	1988	0	-6	-2859	1	50	0	700
19	8	742	0	6	-2859	0	50	0	800
20	8	500	0	-6	-2859	1	50	0	750
21	12	742	609	-24	6	1	65	65	700
22	8	500	0	6	-2859	1	50	0	700
23	12	742	609	-24	6	1	65	65	700
24	8	500	0	-24	-2859	1	50	0	800
25	12	1100	742	24	-6	1	65	65	800
26	12	742	500	-24	6	0	65	65	NA
27	8	742	0	24	-2859	0	50	0	NA
28	8	742	0	-24	-2859	0	50	0	NA
29	12	742	1100	24	-6	1	65	65	800
30	12	742	1100	-24	6	0	65	65	800
31	12	742	609	24	-6	1	65	65	700
32	12	742	903	24	-6	1	65	65	800
33	8	500	0	6	-2859	0	50	0	750
34	8	1988	0	6	-2859	0	50	0	700
35	8	500	0	24	-2859	1	50	0	800
36	12	500	742	-24	6	0	65	65	NA
37	8	742	0	-6	-2859	1	50	0	800
38	8	742	0	-24	-2859	1	50	0	800
39	12	742	903	-24	6	0	65	65	700
40	12	903	742	-24	6	0	65	65	NA
41	8	1988	0	-6	-2859	1	50	0	800
42	8	500	0	-6	-2859	0	50	0	NA
43	12	742	609	24	-6	0	65	65	NA
44	12	742	903	24	-6	0	65	65	700
45	8	1988	0	6	-2859	1	50	0	700
46	8	1988	0	24	-2859	0	50	0	NA
47	8	1988	0	24	-2859	1	50	0	700
48	12	500	742	-24	6	1	65	65	800
49	12	903	742	24	-6	1	65	65	800
50	12	742	500	-24	6	0	65	65	700
51	8	1988	0	6	-2859	1	50	0	750
52	8	1988	0	6	-2859	1	50	0	700
53	12	742	609	-24	6	1	65	65	800
54	12	1100	742	-24	6	1	65	65	700
55	12	500	742	-24	6	1	65	65	800
56	12	742	903	24	-6	1	65	65	750
57	12	742	903	24	-6	1	65	65	700
58	12	742	903	-24	6	1	65	65	800
59	8	500	0	6	-2859	0	50	0	NA
60	8	500	0	24	-2859	1	50	0	800
61	12	1100	742	24	-6	1	65	65	750
62	12	742	500	-24	6	1	65	65	800
63	12	742	903	24	-6	0	65	65	NA
64	12	903	742	24	-6	0	65	65	800
65	8	500	0	-24	-2859	1	50	0	800
66	12	500	742	24	-6	1	65	65	750
67	12	742	903	24	-6	1	65	65	700
68	12	742	1100	-24	6	0	65	65	800
69	8	742	0	-24	-2859	1	50	0	700
70	8	742	0	24	-2859	0	50	0	NA
71	8	742	0	-24	-2859	1	50	0	750
72	12	500	742	24	-6	1	65	65	700
73	12	609	742	-24	6	1	65	65	800
74	12	742	500	24	-6	1	65	65	700
75	8	742	0	24	-2859	1	50	0	800
76	12	609	742	24	-6	1	65	65	700
77	8	742	0	-6	-2859	1	50	0	750
78	8	500	0	6	-2859	0	50	0	700
79	8	742	0	-6	-2859	0	50	0	NA
80	12	500	742	24	-6	1	65	65	800
81	12	742	609	-24	6	0	65	65	750
82	8	1988	0	6	-2859	0	50	0	800
83	12	742	500	24	-6	0	65	65	NA
84	12	609	742	24	-6	0	65	65	NA
85	8	742	0	24	-2859	0	50	0	NA
86	12	1100	742	24	-6	0	65	65	NA
87	8	1988	0	6	-2859	1	50	0	700
88	12	903	742	24	-6	1	65	65	700
89	12	1100	742	24	-6	0	65	65	NA
90	12	742	500	24	-6	0	65	65	700
91	8	500	0	-6	-2859	0	50	0	750
92	12	609	742	-24	6	1	65	65	800
93	12	609	742	24	-6	1	65	65	750
94	12	500	742	24	-6	1	65	65	700
95	12	609	742	-24	6	1	65	65	800
96	8	500	0	6	-2859	0	50	0	800
97	12	742	1100	24	-6	1	65	65	800
98	8	1988	0	6	-2859	0	50	0	NA
99	12	609	742	-24	6	0	65	65	700
100	8	500	0	-24	-2859	1	50	0	800
101	8	500	0	-6	-2859	1	50	0	750
102	12	1100	742	-24	6	0	65	65	800
103	12	742	609	-24	6	0	65	65	NA
104	12	903	742	24	-6	0	65	65	NA
105	8	500	0	6	-2859	0	50	0	700
106	8	500	0	-6	-2859	0	50	0	NA
107	8	742	0	24	-2859	1	50	0	700
108	8	742	0	24	-2859	1	50	0	700
109	12	500	742	24	-6	1	65	65	750
110	12	1100	742	24	-6	1	65	65	800
111	12	742	1100	24	-6	1	65	65	800
112	12	742	609	-24	6	0	65	65	700
113	8	1988	0	6	-2859	0	50	0	750
114	12	903	742	24	-6	1	65	65	700
115	8	742	0	6	-2859	0	50	0	800
116	12	742	609	24	-6	1	65	65	700
117	12	742	1100	-24	6	0	65	65	700
118	8	1988	0	-24	-2859	0	50	0	NA
119	8	1988	0	-24	-2859	0	50	0	NA
120	12	903	742	24	-6	0	65	65	NA
121	12	742	903	-24	6	0	65	65	700
122	8	500	0	-24	-2859	1	50	0	700
123	12	903	742	-24	6	0	65	65	NA
124	12	742	500	-24	6	0	65	65	800
125	12	1100	742	-24	6	1	65	65	800
126	8	500	0	24	-2859	0	50	0	NA
127	8	742	0	6	-2859	0	50	0	700
128	8	742	0	-6	-2859	1	50	0	800
129	8	742	0	6	-2859	0	50	0	750
130	8	1988	0	-24	-2859	0	50	0	NA
131	12	500	742	24	-6	1	65	65	750
132	12	1100	742	24	-6	1	65	65	700
133	8	1988	0	24	-2859	1	50	0	700
134	12	609	742	-24	6	0	65	65	800
135	12	1100	742	24	-6	1	65	65	750
136	12	903	742	-24	6	0	65	65	800
137	8	1988	0	6	-2859	0	50	0	NA
138	12	742	500	-24	6	0	65	65	NA
139	12	1100	742	-24	6	1	65	65	700
140	12	742	1100	-24	6	0	65	65	NA
141	12	903	742	24	-6	1	65	65	800
142	12	609	742	24	-6	0	65	65	NA
143	12	500	742	24	-6	0	65	65	700
144	8	500	0	6	-2859	0	50	0	750
145	12	609	742	24	-6	1	65	65	700
146	12	609	742	-24	6	0	65	65	NA
147	8	500	0	-24	-2859	0	50	0	NA
148	8	742	0	-6	-2859	0	50	0	NA
149	8	742	0	-6	-2859	0	50	0	NA
150	8	500	0	-24	-2859	1	50	0	700
151	8	500	0	6	-2859	0	50	0	NA
152	8	742	0	6	-2859	0	50	0	NA
153	12	742	500	24	-6	1	65	65	800
154	12	903	742	24	-6	0	65	65	NA
155	12	742	903	24	-6	1	65	65	750
156	8	742	0	6	-2859	0	50	0	800
157	12	742	903	-24	6	0	65	65	700
158	8	1988	0	6	-2859	0	50	0	800
159	12	742	903	24	-6	0	65	65	800
160	12	742	609	-24	6	0	65	65	750
161	12	742	500	24	-6	1	65	65	800
162	8	1988	0	-24	-2859	0	50	0	NA
163	8	1988	0	6	-2859	0	50	0	NA
164	12	500	742	-24	6	0	65	65	NA
165	12	903	742	24	-6	1	65	65	800
166	8	500	0	-6	-2859	0	50	0	700
167	8	500	0	-24	-2859	1	50	0	700
168	8	500	0	6	-2859	1	50	0	800
169	8	500	0	24	-2859	0	50	0	NA
170	8	742	0	-24	-2859	1	50	0	800
171	12	742	609	24	-6	1	65	65	700
172	12	742	609	24	-6	0	65	65	800
173	12	742	609	24	-6	0	65	65	NA
174	12	1100	742	24	-6	0	65	65	800
175	12	903	742	24	-6	0	65	65	NA
176	8	1988	0	-24	-2859	1	50	0	750
177	12	1100	742	24	-6	0	65	65	NA
178	8	1988	0	-24	-2859	1	50	0	700
179	12	742	1100	24	-6	0	65	65	700
180	8	500	0	-24	-2859	0	50	0	NA
181	12	742	1100	-24	6	1	65	65	750
182	12	742	1100	-24	6	1	65	65	700
183	12	742	500	24	-6	1	65	65	800
184	12	742	1100	-24	6	0	65	65	700
185	8	1988	0	6	-2859	0	50	0	800
186	8	742	0	-6	-2859	1	50	0	700
187	12	609	742	-24	6	0	65	65	700
188	8	742	0	24	-2859	1	50	0	750
189	12	742	1100	24	-6	1	65	65	800
190	12	1100	742	24	-6	1	65	65	750
191	8	742	0	-24	-2859	1	50	0	700
192	12	742	609	24	-6	1	65	65	800
193	12	500	742	24	-6	1	65	65	800
194	8	742	0	6	-2859	0	50	0	700
195	12	742	903	-24	6	0	65	65	750
196	12	742	500	-24	6	1	65	65	800
197	12	742	903	-24	6	0	65	65	NA
198	12	742	903	-24	6	0	65	65	NA
199	12	609	742	24	-6	0	65	65	NA
200	12	609	742	-24	6	0	65	65	NA
201	12	742	500	24	-6	1	65	65	800
202	8	500	0	6	-2859	1	50	0	700
203	8	742	0	24	-2859	1	50	0	700
204	8	500	0	-24	-2859	0	50	0	NA
205	8	500	0	-24	-2859	1	50	0	700
206	8	1988	0	-24	-2859	0	50	0	NA
207	12	1100	742	24	-6	0	65	65	NA
208	8	742	0	6	-2859	0	50	0	NA
209	12	742	1100	-24	6	0	65	65	NA
210	12	742	1100	-24	6	0	65	65	NA
211	8	1988	0	-24	-2859	0	50	0	NA
212	12	500	742	-24	6	1	65	65	700
213	12	742	500	24	-6	1	65	65	700
214	8	1988	0	-24	-2859	1	50	0	700
215	12	903	742	-24	6	1	65	65	800
216	12	1100	742	-24	6	0	65	65	750
217	8	500	0	-24	-2859	1	50	0	700
218	8	500	0	24	-2859	1	50	0	750
219	8	742	0	-24	-2859	0	50	0	NA
220	12	500	742	24	-6	0	65	65	NA
221	8	500	0	6	-2859	0	50	0	800
222	8	742	0	-24	-2859	0	50	0	NA
223	8	742	0	-24	-2859	0	50	0	NA
224	12	903	742	-24	6	0	65	65	NA
225	12	609	742	24	-6	1	65	65	800
226	8	1988	0	6	-2859	0	50	0	700
227	8	500	0	24	-2859	1	50	0	700
228	12	742	500	-24	6	0	65	65	NA
229	8	1988	0	24	-2859	0	50	0	NA
230	8	1988	0	6	-2859	0	50	0	NA
231	12	742	1100	24	-6	0	65	65	NA
232	12	742	609	-24	6	0	65	65	700
233	12	500	742	-24	6	0	65	65	800
234	8	1988	0	-6	-2859	0	50	0	800
235	8	1988	0	-24	-2859	0	50	0	NA
236	8	500	0	6	-2859	1	50	0	750
237	12	500	742	24	-6	1	65	65	800
238	12	903	742	24	-6	1	65	65	700
239	12	742	609	24	-6	1	65	65	800
240	8	742	0	-6	-2859	1	50	0	800
241	8	1988	0	6	-2859	0	50	0	750
242	12	500	742	-24	6	0	65	65	NA
243	12	609	742	-24	6	0	65	65	NA
244	12	742	609	24	-6	0	65	65	NA
245	8	742	0	6	-2859	0	50	0	NA
246	12	742	1100	24	-6	0	65	65	NA
247	12	742	903	-24	6	0	65	65	NA
248	12	742	609	-24	6	0	65	65	NA
249	8	500	0	-24	-2859	0	50	0	NA
250	8	1988	0	6	-2859	0	50	0	700
251	8	500	0	24	-2859	0	50	0	700
252	12	903	742	24	-6	0	65	65	700
253	8	742	0	6	-2859	0	50	0	750
254	12	742	903	24	-6	0	65	65	NA
255	12	903	742	-24	6	0	65	65	NA
256	12	1100	742	-24	6	0	65	65	NA
257	12	742	500	-24	6	0	65	65	750
258	12	742	1100	24	-6	0	65	65	NA
259	12	500	742	24	-6	0	65	65	NA
260	12	742	609	24	-6	0	65	65	NA
261	8	1988	0	24	-2859	1	50	0	800
262	8	1988	0	24	-2859	0	50	0	NA
263	8	742	0	6	-2859	0	50	0	NA
264	8	742	0	-6	-2859	0	50	0	NA
265	12	742	903	-24	6	0	65	65	NA
266	8	500	0	24	-2859	0	50	0	NA
267	12	742	1100	24	-6	0	65	65	NA
268	12	742	1100	-24	6	0	65	65	NA
269	12	609	742	24	-6	0	65	65	NA
270	12	1100	742	24	-6	0	65	65	NA
271	8	500	0	24	-2859	0	50	0	NA
272	12	1100	742	24	-6	0	65	65	NA
273	12	903	742	-24	6	0	65	65	NA
274	12	742	1100	-24	6	0	65	65	800
275	8	742	0	-6	-2859	1	50	0	700
276	12	742	903	24	-6	1	65	65	700
277	8	500	0	6	-2859	0	50	0	800
278	12	1100	742	24	-6	1	65	65	750
279	12	742	500	-24	6	0	65	65	NA
280	8	1988	0	-24	-2859	1	50	0	800
281	12	500	742	-24	6	0	65	65	NA
282	12	742	903	-24	6	0	65	65	NA
283	8	1988	0	-6	-2859	0	50	0	NA
284	12	742	500	24	-6	0	65	65	NA
285	12	903	742	24	-6	0	65	65	NA
286	8	742	0	-6	-2859	0	50	0	NA
287	12	742	500	-24	6	0	65	65	NA
288	12	903	742	-24	6	0	65	65	NA
289	12	903	742	24	-6	0	65	65	800
290	12	903	742	24	-6	0	65	65	NA
291	8	742	0	-6	-2859	1	50	0	700
292	8	742	0	24	-2859	0	50	0	NA
293	12	500	742	-24	6	0	65	65	NA
294	12	500	742	-24	6	0	65	65	NA
295	8	500	0	-24	-2859	0	50	0	NA
296	12	742	903	-24	6	0	65	65	NA
297	12	742	609	24	-6	0	65	65	NA
298	8	1988	0	-6	-2859	0	50	0	NA
299	12	609	742	24	-6	0	65	65	NA
300	12	500	742	-24	6	0	65	65	NA
301	12	903	742	-24	6	0	65	65	NA
302	8	742	0	-24	-2859	0	50	0	NA
303	12	742	903	24	-6	0	65	65	NA
304	8	1988	0	-6	-2859	0	50	0	NA
305	12	609	742	24	-6	0	65	65	NA
306	12	742	1100	-24	6	0	65	65	NA
307	12	742	500	-24	6	0	65	65	NA
308	12	742	609	-24	6	0	65	65	NA
309	8	500	0	-6	-2859	0	50	0	NA
310	8	500	0	-24	-2859	0	50	0	NA
311	12	500	742	24	-6	0	65	65	NA
312	8	1988	0	-6	-2859	0	50	0	NA
313	8	500	0	-24	-2859	0	50	0	NA
314	12	903	742	-24	6	0	65	65	NA
315	12	1100	742	-24	6	0	65	65	700
316	12	903	742	-24	6	0	65	65	NA
317	8	500	0	-24	-2859	0	50	0	700
318	12	742	1100	24	-6	0	65	65	NA
319	8	742	0	6	-2859	0	50	0	NA
320	8	1988	0	-24	-2859	0	50	0	NA
321	8	500	0	-6	-2859	0	50	0	NA
322	8	742	0	6	-2859	0	50	0	750
323	8	742	0	-24	-2859	0	50	0	NA
324	12	742	500	24	-6	0	65	65	NA
325	8	1988	0	24	-2859	0	50	0	NA
326	12	903	742	24	-6	0	65	65	NA
327	12	1100	742	-24	6	0	65	65	NA
328	12	742	903	-24	6	0	65	65	NA
329	12	742	903	24	-6	0	65	65	NA
330	12	742	500	-24	6	0	65	65	NA
331	8	1988	0	24	-2859	0	50	0	NA
332	8	500	0	-6	-2859	0	50	0	NA
333	12	903	742	-24	6	0	65	65	NA
334	12	500	742	-24	6	0	65	65	800
335	12	742	903	-24	6	0	65	65	NA
336	8	500	0	-24	-2859	0	50	0	NA
337	8	500	0	-24	-2859	0	50	0	NA
338	8	500	0	-24	-2859	0	50	0	NA
339	12	742	1100	24	-6	0	65	65	NA
340	8	500	0	-24	-2859	0	50	0	NA
341	12	903	742	24	-6	0	65	65	NA
342	12	742	609	-24	6	0	65	65	NA
343	8	742	0	6	-2859	0	50	0	NA
344	12	742	500	-24	6	0	65	65	NA
345	8	742	0	-24	-2859	0	50	0	NA
346	12	742	500	24	-6	0	65	65	NA
347	12	1100	742	-24	6	0	65	65	NA
348	8	1988	0	24	-2859	0	50	0	NA
349	12	742	500	-24	6	0	65	65	NA
350	12	1100	742	-24	6	0	65	65	NA
351	12	742	500	24	-6	0	65	65	NA
352	12	742	1100	24	-6	0	65	65	NA
353	8	742	0	24	-2859	0	50	0	NA
354	8	1988	0	-24	-2859	0	50	0	NA
355	12	742	903	-24	6	0	65	65	NA
356	12	742	609	-24	6	0	65	65	NA
357	12	742	1100	24	-6	0	65	65	NA
358	12	609	742	24	-6	0	65	65	NA
359	12	1100	742	-24	6	0	65	65	NA
360	8	1988	0	24	-2859	0	50	0	NA
361	8	500	0	-24	-2859	0	50	0	NA
362	12	1100	742	24	-6	0	65	65	NA
363	8	500	0	6	-2859	0	50	0	NA
364	12	742	500	24	-6	0	65	65	NA
365	12	903	742	24	-6	0	65	65	NA
366	12	742	903	-24	6	0	65	65	NA
367	8	500	0	6	-2859	0	50	0	NA
368	8	1988	0	24	-2859	0	50	0	700
369	12	500	742	-24	6	0	65	65	800
370	8	500	0	-24	-2859	0	50	0	NA
371	12	1100	742	-24	6	0	65	65	NA
372	12	742	500	-24	6	0	65	65	750
373	8	742	0	24	-2859	0	50	0	NA
374	12	742	1100	24	-6	0	65	65	NA
375	12	742	500	24	-6	0	65	65	NA
376	12	742	1100	-24	6	0	65	65	NA
377	12	1100	742	-24	6	0	65	65	NA
378	12	742	500	24	-6	0	65	65	NA
379	8	1988	0	24	-2859	0	50	0	NA
380	12	742	500	-24	6	0	65	65	NA
381	8	1988	0	-24	-2859	0	50	0	NA
382	12	1100	742	-24	6	0	65	65	NA
383	8	742	0	-24	-2859	0	50	0	NA
384	12	742	500	24	-6	0	65	65	NA
385	12	609	742	24	-6	0	65	65	NA
386	12	742	1100	-24	6	0	65	65	NA
387	8	742	0	-6	-2859	0	50	0	NA
388	12	500	742	24	-6	0	65	65	NA
389	8	1988	0	-24	-2859	0	50	0	NA
390	8	1988	0	-24	-2859	0	50	0	NA
391	8	500	0	24	-2859	0	50	0	NA
392	12	742	1100	-24	6	0	65	65	NA
393	12	609	742	-24	6	0	65	65	NA
394	12	742	903	-24	6	0	65	65	NA
395	8	742	0	-6	-2859	0	50	0	NA
396	12	609	742	-24	6	0	65	65	NA
397	12	742	1100	24	-6	0	65	65	NA
398	12	742	500	24	-6	0	65	65	NA
399	8	500	0	-24	-2859	0	50	0	NA
400	12	903	742	-24	6	0	65	65	NA
401	8	742	0	-6	-2859	0	50	0	NA
402	12	500	742	-24	6	0	65	65	NA
403	8	500	0	-6	-2859	0	50	0	NA
404	12	742	609	24	-6	0	65	65	NA
405	8	742	0	6	-2859	0	50	0	NA
406	8	1988	0	-6	-2859	0	50	0	NA
407	8	1988	0	6	-2859	0	50	0	NA
408	8	1988	0	24	-2859	0	50	0	NA
409	12	1100	742	-24	6	0	65	65	NA
410	12	742	609	-24	6	0	65	65	NA
411	12	609	742	-24	6	0	65	65	NA
412	8	1988	0	-6	-2859	0	50	0	NA
413	8	1988	0	-6	-2859	0	50	0	NA
414	12	742	1100	-24	6	0	65	65	NA
415	8	1988	0	-6	-2859	0	50	0	700
416	12	1100	742	24	-6	0	65	65	800
417	8	500	0	-24	-2859	0	50	0	800
418	8	500	0	24	-2859	0	50	0	NA
419	8	500	0	24	-2859	0	50	0	NA
420	8	742	0	6	-2859	0	50	0	NA
421	12	1100	742	-24	6	0	65	65	NA
422	12	609	742	-24	6	0	65	65	NA
423	8	742	0	24	-2859	0	50	0	NA
424	8	742	0	-6	-2859	0	50	0	NA
425	12	500	742	24	-6	0	65	65	NA
426	8	742	0	-6	-2859	0	50	0	NA
427	12	742	500	-24	6	0	65	65	NA
428	8	742	0	-24	-2859	0	50	0	NA
429	12	609	742	24	-6	0	65	65	NA
430	8	1988	0	-6	-2859	0	50	0	NA
431	8	500	0	6	-2859	0	50	0	NA
432	12	903	742	24	-6	0	65	65	NA
433	8	500	0	-24	-2859	0	50	0	NA
434	8	742	0	-6	-2859	0	50	0	NA
435	12	1100	742	24	-6	0	65	65	NA
436	8	1988	0	24	-2859	0	50	0	NA
437	12	1100	742	-24	6	0	65	65	NA
438	8	500	0	6	-2859	0	50	0	NA
439	8	1988	0	6	-2859	0	50	0	NA
440	12	742	1100	24	-6	1	65	65	750
441	8	742	0	-24	-2859	0	50	0	NA
442	12	742	500	-24	6	0	65	65	NA
443	12	742	609	24	-6	0	65	65	NA
444	12	903	742	24	-6	0	65	65	NA
445	8	742	0	-6	-2859	0	50	0	NA
446	12	903	742	-24	6	0	65	65	NA
447	8	742	0	6	-2859	0	50	0	NA
448	12	903	742	24	-6	0	65	65	700
449	12	609	742	24	-6	0	65	65	NA
450	12	500	742	-24	6	0	65	65	NA
451	8	1988	0	-24	-2859	0	50	0	800
452	8	500	0	-24	-2859	1	50	0	800
453	8	742	0	6	-2859	0	50	0	NA
454	12	903	742	-24	6	0	65	65	NA
455	12	903	742	-24	6	1	65	65	700
456	12	609	742	-24	6	0	65	65	NA
457	12	742	1100	24	-6	0	65	65	800
458	12	1100	742	24	-6	0	65	65	NA
459	12	903	742	-24	6	0	65	65	NA
460	8	742	0	-24	-2859	1	50	0	800
461	12	903	742	24	-6	0	65	65	NA
462	12	742	1100	-24	6	0	65	65	NA
463	12	742	609	24	-6	0	65	65	NA
464	12	742	903	24	-6	0	65	65	NA
465	8	1988	0	6	-2859	0	50	0	700
466	8	500	0	-6	-2859	0	50	0	700
467	12	500	742	-24	6	1	65	65	800
468	8	1988	0	24	-2859	0	50	0	NA
469	12	742	1100	24	-6	0	65	65	NA
470	12	1100	742	-24	6	0	65	65	NA
471	12	1100	742	24	-6	1	65	65	700
472	12	1100	742	-24	6	0	65	65	NA
473	8	500	0	24	-2859	0	50	0	800
474	12	742	609	24	-6	0	65	65	800
475	12	742	500	-24	6	1	65	65	700
476	8	742	0	-6	-2859	0	50	0	NA
477	8	742	0	-6	-2859	1	50	0	750
478	12	903	742	24	-6	0	65	65	NA
479	12	742	903	-24	6	0	65	65	NA
480	8	1988	0	6	-2859	0	50	0	NA
481	8	742	0	24	-2859	0	50	0	750
482	12	742	500	24	-6	0	65	65	NA
483	12	903	742	24	-6	0	65	65	NA
484	12	903	742	-24	6	0	65	65	NA
485	8	500	0	6	-2859	0	50	0	700
486	12	742	500	24	-6	0	65	65	NA
487	8	500	0	-24	-2859	0	50	0	NA
488	8	500	0	-6	-2859	0	50	0	700
489	12	500	742	24	-6	1	65	65	800
490	8	742	0	-6	-2859	0	50	0	NA
491	12	742	609	-24	6	0	65	65	750
492	12	742	1100	24	-6	1	65	65	700
493	8	1988	0	-6	-2859	0	50	0	NA
494	12	609	742	24	-6	0	65	65	NA
495	8	1988	0	-24	-2859	1	50	0	800
496	12	903	742	24	-6	1	65	65	700
497	12	1100	742	-24	6	0	65	65	750
498	12	742	1100	24	-6	1	65	65	800
499	12	742	609	24	-6	1	65	65	800
500	8	1988	0	-24	-2859	0	50	0	NA
501	12	742	500	24	-6	0	65	65	700
502	8	1988	0	-6	-2859	0	50	0	NA
503	8	500	0	-6	-2859	0	50	0	700
504	8	742	0	24	-2859	1	50	0	800
505	12	1100	742	-24	6	0	65	65	800
506	12	742	903	-24	6	0	65	65	NA
507	8	500	0	-6	-2859	0	50	0	NA
508	12	1100	742	-24	6	0	65	65	NA
509	12	742	1100	-24	6	0	65	65	NA
510	12	500	742	-24	6	0	65	65	NA
511	12	609	742	24	-6	0	65	65	NA
512	12	742	903	24	-6	0	65	65	NA
513	12	609	742	24	-6	0	65	65	NA
514	8	742	0	-6	-2859	0	50	0	NA
515	8	500	0	-24	-2859	0	50	0	NA
516	8	1988	0	24	-2859	0	50	0	NA
517	12	500	742	-24	6	0	65	65	NA
518	12	742	903	24	-6	0	65	65	NA
519	8	1988	0	24	-2859	0	50	0	NA
520	12	609	742	-24	6	0	65	65	800
521	12	1100	742	24	-6	0	65	65	700
522	12	742	903	24	-6	0	65	65	NA
523	12	1100	742	24	-6	0	65	65	NA
524	8	742	0	-24	-2859	0	50	0	NA
525	12	742	500	-24	6	0	65	65	800
526	12	742	1100	-24	6	0	65	65	NA
527	8	500	0	6	-2859	0	50	0	NA
528	12	742	1100	-24	6	0	65	65	NA
529	12	742	609	24	-6	0	65	65	NA
530	12	742	609	24	-6	0	65	65	NA
531	12	742	500	-24	6	0	65	65	NA
532	8	500	0	-24	-2859	0	50	0	NA
533	12	1100	742	24	-6	0	65	65	NA
534	12	500	742	24	-6	0	65	65	NA
535	8	500	0	24	-2859	0	50	0	NA
536	8	742	0	6	-2859	0	50	0	NA
537	8	1988	0	-6	-2859	0	50	0	NA
538	12	903	742	24	-6	0	65	65	NA
539	12	903	742	24	-6	0	65	65	NA
540	8	1988	0	-6	-2859	0	50	0	NA
541	12	742	609	24	-6	0	65	65	NA
542	12	742	500	24	-6	0	65	65	NA
543	8	500	0	6	-2859	0	50	0	NA
544	12	742	500	24	-6	1	65	65	800
545	12	903	742	-24	6	0	65	65	NA
546	12	742	609	24	-6	0	65	65	NA
547	12	742	500	24	-6	1	65	65	700
548	12	742	500	24	-6	0	65	65	NA
549	12	609	742	-24	6	0	65	65	800
550	12	500	742	-24	6	0	65	65	750
551	8	1988	0	-24	-2859	1	50	0	700
552	8	742	0	24	-2859	1	50	0	700
553	8	742	0	6	-2859	0	50	0	800
554	8	742	0	6	-2859	0	50	0	NA
555	8	742	0	-24	-2859	0	50	0	NA
556	8	742	0	-6	-2859	0	50	0	NA
557	8	500	0	24	-2859	0	50	0	NA
558	8	500	0	24	-2859	0	50	0	NA
559	8	1988	0	24	-2859	1	50	0	700
560	8	500	0	6	-2859	0	50	0	750
561	8	1988	0	6	-2859	0	50	0	NA
562	12	500	742	-24	6	0	65	65	NA
563	12	500	742	-24	6	0	65	65	NA
564	8	742	0	6	-2859	0	50	0	NA
565	8	1988	0	-6	-2859	0	50	0	700
566	12	609	742	-24	6	1	65	65	700
567	12	1100	742	-24	6	0	65	65	NA
568	8	742	0	-24	-2859	0	50	0	NA
569	8	742	0	24	-2859	0	50	0	NA
570	8	500	0	-6	-2859	0	50	0	NA
571	12	742	609	24	-6	0	65	65	NA
572	12	742	1100	-24	6	0	65	65	NA
573	12	609	742	24	-6	0	65	65	NA
574	12	742	903	-24	6	0	65	65	NA
575	12	609	742	24	-6	0	65	65	NA
576	12	903	742	24	-6	0	65	65	800
577	8	1988	0	-24	-2859	0	50	0	NA
578	12	742	609	24	-6	0	65	65	NA
579	12	609	742	-24	6	1	65	65	700
580	12	742	903	-24	6	1	65	65	800
581	12	903	742	-24	6	0	65	65	750
582	12	903	742	24	-6	0	65	65	NA
583	8	1988	0	24	-2859	0	50	0	NA
584	12	742	500	24	-6	0	65	65	NA
585	12	742	1100	24	-6	0	65	65	NA
586	12	609	742	-24	6	0	65	65	700
587	8	500	0	-24	-2859	1	50	0	700
588	8	500	0	24	-2859	0	50	0	NA
589	8	1988	0	-24	-2859	0	50	0	NA
590	8	742	0	6	-2859	0	50	0	800
591	12	609	742	-24	6	0	65	65	NA
592	8	742	0	24	-2859	0	50	0	700
593	12	742	500	-24	6	0	65	65	NA
594	8	1988	0	-24	-2859	0	50	0	NA
595	12	500	742	24	-6	0	65	65	NA
596	12	742	903	-24	6	0	65	65	NA
597	12	500	742	-24	6	0	65	65	NA
598	12	742	609	24	-6	0	65	65	NA
599	12	742	1100	-24	6	0	65	65	NA
600	8	1988	0	24	-2859	0	50	0	NA
601	12	742	903	-24	6	0	65	65	NA
602	12	742	1100	24	-6	0	65	65	NA
603	12	742	1100	-24	6	0	65	65	NA
604	12	500	742	-24	6	0	65	65	NA
605	12	500	742	24	-6	1	65	65	800
606	8	1988	0	24	-2859	1	50	0	700
607	8	500	0	-24	-2859	1	50	0	750
608	12	742	1100	-24	6	0	65	65	700
609	12	903	742	-24	6	0	65	65	NA
610	8	742	0	-24	-2859	0	50	0	NA
611	12	742	1100	24	-6	0	65	65	NA
612	12	742	1100	24	-6	0	65	65	NA
613	12	742	903	-24	6	0	65	65	NA
614	12	500	742	-24	6	0	65	65	NA
615	12	1100	742	-24	6	0	65	65	NA
616	8	500	0	-24	-2859	0	50	0	NA
617	12	742	609	-24	6	0	65	65	NA
618	12	903	742	-24	6	0	65	65	NA
619	8	1988	0	24	-2859	0	50	0	NA
620	12	500	742	24	-6	0	65	65	NA
621	8	500	0	6	-2859	0	50	0	NA
622	12	742	609	-24	6	0	65	65	NA
623	8	742	0	24	-2859	0	50	0	NA
624	8	742	0	-6	-2859	0	50	0	NA
625	8	500	0	-24	-2859	0	50	0	NA
626	12	742	1100	24	-6	0	65	65	NA
627	12	742	903	-24	6	0	65	65	NA
628	12	742	1100	24	-6	0	65	65	NA
629	8	500	0	-6	-2859	0	50	0	800
630	12	903	742	24	-6	0	65	65	NA
631	8	500	0	-24	-2859	1	50	0	700
632	12	1100	742	-24	6	0	65	65	NA
633	12	609	742	-24	6	0	65	65	NA
634	8	742	0	6	-2859	0	50	0	NA
635	12	903	742	-24	6	0	65	65	NA
636	12	903	742	24	-6	1	65	65	700
637	12	742	500	-24	6	0	65	65	NA
638	8	1988	0	6	-2859	0	50	0	NA
639	12	742	500	-24	6	0	65	65	NA
640	12	742	1100	-24	6	0	65	65	NA
641	12	742	609	-24	6	0	65	65	NA
642	8	1988	0	24	-2859	0	50	0	NA
643	8	500	0	24	-2859	0	50	0	750
644	12	742	500	24	-6	1	65	65	800
645	12	742	1100	-24	6	1	65	65	700
646	12	742	609	-24	6	0	65	65	NA
647	12	742	609	-24	6	0	65	65	700
648	8	1988	0	24	-2859	0	50	0	NA
649	12	742	500	-24	6	0	65	65	NA
650	8	742	0	-6	-2859	0	50	0	NA
651	12	742	609	-24	6	0	65	65	NA
652	8	742	0	-24	-2859	1	50	0	700
653	12	742	903	-24	6	0	65	65	NA
654	8	742	0	-24	-2859	0	50	0	NA
655	8	742	0	24	-2859	0	50	0	NA
656	12	1100	742	24	-6	0	65	65	NA
657	12	903	742	-24	6	0	65	65	NA
658	12	742	903	24	-6	0	65	65	NA
659	12	1100	742	24	-6	1	65	65	800
660	12	742	500	-24	6	0	65	65	NA
661	12	609	742	-24	6	0	65	65	800
662	8	1988	0	-6	-2859	1	50	0	800
663	8	1988	0	-24	-2859	1	50	0	750
664	12	742	1100	24	-6	0	65	65	NA
665	8	500	0	-6	-2859	0	50	0	NA
666	12	742	903	24	-6	0	65	65	NA
667	8	1988	0	-6	-2859	0	50	0	NA
668	8	500	0	-6	-2859	1	50	0	700
669	12	903	742	-24	6	0	65	65	NA
670	8	742	0	6	-2859	0	50	0	NA
671	12	742	903	24	-6	0	65	65	NA
672	12	903	742	-24	6	0	65	65	NA
673	8	742	0	-24	-2859	0	50	0	700
674	8	500	0	-24	-2859	0	50	0	NA
675	12	742	500	24	-6	0	65	65	NA
676	8	742	0	-6	-2859	0	50	0	NA
677	12	742	500	24	-6	0	65	65	800
678	8	742	0	24	-2859	0	50	0	NA
679	12	500	742	24	-6	0	65	65	NA
680	8	500	0	-6	-2859	0	50	0	NA
681	8	500	0	-24	-2859	0	50	0	NA
682	12	609	742	24	-6	0	65	65	NA
683	12	742	903	-24	6	0	65	65	NA
684	12	742	903	24	-6	0	65	65	NA
685	8	500	0	6	-2859	0	50	0	NA
686	8	742	0	-6	-2859	0	50	0	NA
687	8	1988	0	24	-2859	0	50	0	NA
688	8	1988	0	6	-2859	0	50	0	NA
689	8	1988	0	24	-2859	0	50	0	NA
690	12	1100	742	-24	6	1	65	65	800
691	8	742	0	6	-2859	0	50	0	NA
692	12	742	609	24	-6	0	65	65	NA
693	12	609	742	-24	6	0	65	65	NA
694	12	742	903	24	-6	0	65	65	NA
695	12	742	500	24	-6	0	65	65	NA
696	8	500	0	6	-2859	0	50	0	NA
697	12	742	500	24	-6	0	65	65	NA
698	8	500	0	6	-2859	0	50	0	NA
699	12	742	609	-24	6	0	65	65	NA
700	12	903	742	24	-6	0	65	65	NA
701	12	742	609	-24	6	0	65	65	NA
702	12	903	742	24	-6	0	65	65	NA
703	12	1100	742	24	-6	0	65	65	NA
704	8	500	0	24	-2859	0	50	0	NA
705	12	742	609	24	-6	0	65	65	NA
706	8	742	0	-6	-2859	1	50	0	700
707	8	1988	0	24	-2859	1	50	0	800
708	12	500	742	-24	6	1	65	65	700
709	8	500	0	6	-2859	0	50	0	800
710	8	1988	0	-24	-2859	0	50	0	NA
711	8	742	0	-24	-2859	0	50	0	NA
712	8	1988	0	6	-2859	0	50	0	NA
713	8	742	0	-24	-2859	0	50	0	NA
714	12	903	742	24	-6	0	65	65	NA
715	8	742	0	-24	-2859	0	50	0	NA
716	12	500	742	-24	6	0	65	65	NA
717	8	742	0	-6	-2859	0	50	0	NA
718	8	500	0	24	-2859	0	50	0	NA
719	8	1988	0	6	-2859	1	50	0	750
720	12	903	742	24	-6	0	65	65	NA
721	8	500	0	-6	-2859	0	50	0	NA
722	12	1100	742	24	-6	0	65	65	NA
723	12	742	609	24	-6	0	65	65	NA
724	12	1100	742	-24	6	0	65	65	NA
725	12	903	742	24	-6	0	65	65	NA
726	8	742	0	-6	-2859	0	50	0	NA
727	8	742	0	24	-2859	0	50	0	NA
728	8	1988	0	6	-2859	0	50	0	NA
729	8	500	0	6	-2859	0	50	0	NA
730	8	1988	0	24	-2859	0	50	0	NA
731	8	742	0	24	-2859	1	50	0	700
732	8	742	0	-6	-2859	0	50	0	NA
733	12	609	742	-24	6	0	65	65	NA
734	12	500	742	24	-6	1	65	65	800
735	12	609	742	-24	6	0	65	65	NA
736	12	500	742	24	-6	0	65	65	NA
737	8	500	0	-6	-2859	0	50	0	NA
738	12	609	742	-24	6	0	65	65	NA
739	8	1988	0	-6	-2859	0	50	0	800
740	12	742	609	24	-6	0	65	65	NA
741	12	1100	742	-24	6	0	65	65	700
742	8	500	0	6	-2859	0	50	0	NA
743	8	742	0	-24	-2859	0	50	0	NA
744	12	903	742	-24	6	0	65	65	NA
745	12	500	742	24	-6	0	65	65	NA
746	8	742	0	6	-2859	0	50	0	NA
747	12	903	742	-24	6	0	65	65	NA
748	12	742	500	24	-6	0	65	65	NA
749	8	1988	0	-6	-2859	0	50	0	NA
750	12	903	742	-24	6	0	65	65	NA
751	8	500	0	-6	-2859	0	50	0	NA
752	8	1988	0	24	-2859	0	50	0	800
753	12	742	500	-24	6	0	65	65	NA
754	12	903	742	24	-6	0	65	65	NA
755	8	742	0	24	-2859	0	50	0	NA
756	12	742	903	24	-6	0	65	65	NA
757	12	609	742	-24	6	0	65	65	NA
758	12	742	1100	-24	6	0	65	65	NA
759	8	742	0	24	-2859	0	50	0	NA
760	12	742	903	24	-6	0	65	65	NA
761	12	500	742	-24	6	0	65	65	NA
762	12	609	742	24	-6	0	65	65	NA
763	12	1100	742	24	-6	0	65	65	NA
764	12	742	500	24	-6	0	65	65	NA
765	12	742	500	24	-6	0	65	65	NA
766	12	1100	742	-24	6	0	65	65	NA
767	8	1988	0	-6	-2859	0	50	0	NA
768	12	742	500	24	-6	0	65	65	NA
769	12	742	1100	24	-6	0	65	65	NA
770	12	1100	742	24	-6	0	65	65	NA
771	12	742	903	-24	6	0	65	65	NA
772	8	500	0	-6	-2859	0	50	0	NA
773	12	609	742	-24	6	0	65	65	NA
774	8	742	0	6	-2859	0	50	0	NA
775	8	742	0	6	-2859	0	50	0	NA
776	8	1988	0	-6	-2859	0	50	0	NA
777	12	609	742	24	-6	0	65	65	NA
778	12	903	742	-24	6	0	65	65	NA
779	8	500	0	-24	-2859	1	50	0	800
780	12	500	742	-24	6	0	65	65	NA
781	8	1988	0	24	-2859	0	50	0	NA
782	8	500	0	6	-2859	0	50	0	NA
783	8	742	0	-6	-2859	0	50	0	NA
784	8	742	0	24	-2859	0	50	0	NA
785	8	500	0	6	-2859	0	50	0	NA
786	8	500	0	-24	-2859	0	50	0	NA
787	8	742	0	24	-2859	0	50	0	NA
788	8	500	0	6	-2859	0	50	0	NA
789	8	742	0	-6	-2859	0	50	0	NA
790	8	1988	0	-24	-2859	0	50	0	NA
791	8	1988	0	-24	-2859	0	50	0	NA
792	8	1988	0	6	-2859	0	50	0	NA
793	12	1100	742	24	-6	0	65	65	NA
794	8	742	0	24	-2859	0	50	0	NA
795	12	1100	742	24	-6	0	65	65	750
796	8	742	0	6	-2859	0	50	0	NA
797	12	1100	742	-24	6	0	65	65	800
798	8	1988	0	-6	-2859	0	50	0	NA
799	12	742	609	-24	6	0	65	65	NA
800	12	742	500	-24	6	0	65	65	NA
801	12	1100	742	24	-6	0	65	65	NA
802	12	742	1100	24	-6	0	65	65	NA
803	12	742	903	24	-6	0	65	65	NA
804	12	500	742	24	-6	0	65	65	NA
805	12	742	903	24	-6	0	65	65	NA
806	8	500	0	-6	-2859	0	50	0	NA
807	8	1988	0	6	-2859	0	50	0	NA
808	8	742	0	-6	-2859	0	50	0	NA
809	8	1988	0	-6	-2859	0	50	0	NA
810	8	500	0	24	-2859	0	50	0	NA
811	12	500	742	24	-6	0	65	65	NA
812	12	742	500	-24	6	0	65	65	NA
813	12	742	903	-24	6	0	65	65	NA
814	12	609	742	-24	6	0	65	65	NA
815	12	742	903	24	-6	0	65	65	NA
816	8	500	0	-6	-2859	0	50	0	NA
817	12	742	903	24	-6	0	65	65	NA
818	8	742	0	24	-2859	0	50	0	NA
819	12	903	742	-24	6	0	65	65	NA
820	12	500	742	24	-6	0	65	65	NA
821	12	742	903	-24	6	0	65	65	NA
822	12	500	742	24	-6	0	65	65	NA
823	12	742	500	-24	6	0	65	65	NA
824	12	903	742	24	-6	0	65	65	NA
825	8	1988	0	-6	-2859	0	50	0	750
826	8	1988	0	24	-2859	0	50	0	NA
827	12	500	742	-24	6	0	65	65	NA
828	8	1988	0	6	-2859	0	50	0	NA
829	8	1988	0	6	-2859	0	50	0	NA
830	8	500	0	24	-2859	0	50	0	NA
831	12	1100	742	24	-6	0	65	65	NA
832	8	742	0	24	-2859	0	50	0	NA
833	8	742	0	-24	-2859	0	50	0	800
834	12	742	1100	24	-6	0	65	65	NA
835	12	742	903	24	-6	0	65	65	NA
836	12	742	500	-24	6	0	65	65	NA
837	8	500	0	-6	-2859	0	50	0	700
838	8	500	0	6	-2859	0	50	0	NA
839	8	742	0	-6	-2859	0	50	0	800
840	8	742	0	-6	-2859	0	50	0	NA
841	8	742	0	-24	-2859	0	50	0	NA
842	8	500	0	-24	-2859	1	50	0	800
843	8	1988	0	24	-2859	1	50	0	800
844	12	742	500	24	-6	0	65	65	NA
845	8	500	0	-24	-2859	0	50	0	NA
846	12	903	742	-24	6	0	65	65	750
847	8	742	0	-24	-2859	1	50	0	750
848	12	742	609	-24	6	0	65	65	NA
849	12	742	609	24	-6	1	65	65	800
850	8	742	0	24	-2859	0	50	0	NA
851	8	1988	0	24	-2859	1	50	0	700
852	12	742	609	24	-6	0	65	65	NA
853	12	903	742	-24	6	0	65	65	NA
854	12	500	742	-24	6	0	65	65	800
855	8	500	0	24	-2859	0	50	0	NA
856	12	1100	742	-24	6	0	65	65	NA
857	12	609	742	24	-6	0	65	65	NA
858	8	1988	0	-24	-2859	0	50	0	NA
859	12	742	500	24	-6	0	65	65	NA
860	12	1100	742	24	-6	0	65	65	NA
861	12	742	500	-24	6	0	65	65	NA
862	12	609	742	24	-6	0	65	65	NA
863	8	1988	0	-6	-2859	0	50	0	NA
864	12	742	609	-24	6	0	65	65	NA
865	8	1988	0	-24	-2859	0	50	0	NA
866	12	500	742	24	-6	0	65	65	NA
867	12	500	742	24	-6	1	65	65	800
868	12	742	500	24	-6	0	65	65	750
869	8	742	0	6	-2859	0	50	0	NA
870	8	1988	0	-6	-2859	0	50	0	700
871	8	1988	0	-6	-2859	0	50	0	NA
872	8	742	0	-24	-2859	0	50	0	NA
873	12	1100	742	-24	6	0	65	65	700
874	8	500	0	-24	-2859	0	50	0	NA
875	8	500	0	-24	-2859	0	50	0	NA
876	8	500	0	-24	-2859	0	50	0	NA
877	8	742	0	6	-2859	0	50	0	NA
878	8	1988	0	6	-2859	0	50	0	NA
879	8	1988	0	24	-2859	0	50	0	NA
880	12	742	609	-24	6	0	65	65	NA
881	8	742	0	-24	-2859	0	50	0	NA
882	8	742	0	-6	-2859	0	50	0	NA
883	8	742	0	6	-2859	0	50	0	NA
884	12	742	903	24	-6	0	65	65	800
885	12	742	1100	-24	6	0	65	65	NA
886	12	742	1100	-24	6	0	65	65	800
887	12	609	742	24	-6	0	65	65	700
888	12	500	742	24	-6	0	65	65	NA
889	12	742	903	-24	6	0	65	65	NA
890	8	1988	0	-6	-2859	0	50	0	NA
891	8	1988	0	24	-2859	0	50	0	NA
892	8	500	0	-6	-2859	0	50	0	NA
893	8	500	0	-6	-2859	0	50	0	700
894	8	500	0	-24	-2859	0	50	0	NA
895	8	742	0	6	-2859	0	50	0	NA
896	8	742	0	-6	-2859	0	50	0	800
897	12	742	1100	24	-6	0	65	65	NA
898	12	742	500	-24	6	0	65	65	700
899	8	1988	0	-24	-2859	1	50	0	800
900	8	1988	0	24	-2859	0	50	0	750
901	12	500	742	24	-6	0	65	65	800
902	12	742	609	24	-6	0	65	65	NA
903	8	1988	0	24	-2859	0	50	0	NA
904	12	742	1100	24	-6	0	65	65	700
905	12	903	742	-24	6	1	65	65	700
906	12	742	903	24	-6	1	65	65	800
907	12	742	1100	-24	6	0	65	65	NA
908	12	500	742	24	-6	0	65	65	700
909	8	500	0	6	-2859	0	50	0	NA
910	12	609	742	24	-6	0	65	65	800
911	12	742	500	24	-6	0	65	65	NA
912	12	609	742	24	-6	1	65	65	700
913	12	1100	742	-24	6	1	65	65	800
914	8	500	0	24	-2859	1	50	0	800
915	12	903	742	-24	6	1	65	65	700
916	8	742	0	24	-2859	0	50	0	NA
917	12	742	1100	-24	6	1	65	65	750
918	12	742	500	24	-6	1	65	65	700
919	12	500	742	-24	6	0	65	65	NA
920	12	742	500	24	-6	0	65	65	NA
921	8	742	0	6	-2859	0	50	0	NA
922	12	742	1100	-24	6	0	65	65	NA
923	8	500	0	-6	-2859	0	50	0	NA
924	8	742	0	-24	-2859	0	50	0	NA
925	12	742	903	-24	6	0	65	65	750
926	8	742	0	24	-2859	1	50	0	800
927	8	1988	0	-6	-2859	0	50	0	800
928	8	500	0	24	-2859	0	50	0	NA
929	12	609	742	24	-6	1	65	65	700
930	8	1988	0	-6	-2859	0	50	0	NA
931	12	609	742	24	-6	0	65	65	NA
932	12	742	1100	-24	6	0	65	65	NA
933	12	742	500	-24	6	0	65	65	NA
934	12	500	742	24	-6	0	65	65	700
935	12	742	500	-24	6	0	65	65	NA
936	12	903	742	-24	6	0	65	65	NA
937	12	903	742	24	-6	0	65	65	NA
938	8	742	0	24	-2859	0	50	0	NA
939	8	1988	0	-24	-2859	0	50	0	NA
940	12	742	500	24	-6	0	65	65	NA
941	8	500	0	-6	-2859	0	50	0	NA
942	8	500	0	24	-2859	1	50	0	800
943	8	742	0	-24	-2859	0	50	0	NA
944	12	742	1100	24	-6	0	65	65	NA
945	12	609	742	-24	6	0	65	65	NA
946	8	500	0	-24	-2859	0	50	0	NA
947	8	500	0	24	-2859	0	50	0	NA
948	8	500	0	-6	-2859	0	50	0	NA
949	12	500	742	24	-6	1	65	65	800
950	12	500	742	24	-6	1	65	65	700
951	12	903	742	24	-6	0	65	65	NA
952	8	1988	0	6	-2859	0	50	0	750
953	8	500	0	24	-2859	0	50	0	NA
954	12	609	742	24	-6	0	65	65	NA
955	8	742	0	6	-2859	0	50	0	700
956	8	1988	0	-6	-2859	0	50	0	800
957	12	742	500	24	-6	1	65	65	750
958	12	742	903	-24	6	0	65	65	NA
959	8	1988	0	6	-2859	0	50	0	NA
960	12	742	1100	24	-6	0	65	65	NA
961	8	742	0	-24	-2859	0	50	0	NA
962	8	742	0	6	-2859	0	50	0	NA
963	12	742	500	24	-6	0	65	65	NA
964	12	903	742	-24	6	0	65	65	NA
965	8	500	0	24	-2859	1	50	0	800
966	12	742	609	-24	6	0	65	65	NA
967	8	500	0	-6	-2859	0	50	0	NA
968	8	742	0	6	-2859	0	50	0	NA
969	12	500	742	24	-6	0	65	65	NA
970	8	1988	0	-24	-2859	0	50	0	NA
971	12	742	1100	24	-6	0	65	65	NA
972	8	742	0	6	-2859	0	50	0	NA
973	12	500	742	-24	6	0	65	65	NA
974	12	742	609	24	-6	1	65	65	800
975	8	1988	0	-6	-2859	1	50	0	700
976	12	742	1100	24	-6	1	65	65	800
977	8	742	0	24	-2859	1	50	0	700
978	12	903	742	24	-6	1	65	65	700
979	8	1988	0	6	-2859	0	50	0	NA
980	8	500	0	-6	-2859	0	50	0	NA
981	8	500	0	-24	-2859	0	50	0	NA
982	8	500	0	-6	-2859	0	50	0	NA
983	8	500	0	-24	-2859	0	50	0	NA
984	12	609	742	-24	6	0	65	65	NA
985	12	742	500	-24	6	0	65	65	NA
986	8	1988	0	-6	-2859	0	50	0	NA
987	12	500	742	24	-6	0	65	65	NA
988	8	1988	0	24	-2859	0	50	0	NA
989	8	742	0	6	-2859	0	50	0	NA
990	12	742	1100	24	-6	0	65	65	NA
991	12	742	609	24	-6	0	65	65	NA
992	12	742	903	24	-6	0	65	65	NA
993	12	742	1100	24	-6	0	65	65	NA
994	8	500	0	-24	-2859	0	50	0	NA
995	12	903	742	-24	6	0	65	65	NA
996	8	500	0	6	-2859	1	50	0	800
997	12	742	1100	24	-6	0	65	65	NA
998	12	500	742	24	-6	0	65	65	NA
999	12	609	742	24	-6	1	65	65	800
1000	8	1988	0	-24	-2859	0	50	0	NA
1001	12	903	742	24	-6	0	65	65	NA
1002	8	742	0	-6	-2859	0	50	0	NA
1003	8	742	0	-24	-2859	0	50	0	NA
1004	8	742	0	6	-2859	0	50	0	NA
1005	8	742	0	-24	-2859	1	50	0	800
1006	12	742	609	24	-6	0	65	65	NA
1007	12	500	742	24	-6	0	65	65	NA
1008	8	1988	0	24	-2859	0	50	0	NA
1009	12	500	742	24	-6	0	65	65	NA
1010	12	903	742	-24	6	0	65	65	700
1011	12	742	903	24	-6	0	65	65	NA
1012	12	1100	742	24	-6	0	65	65	NA
1013	12	500	742	24	-6	0	65	65	NA
1014	12	903	742	-24	6	0	65	65	NA
1015	12	742	500	-24	6	0	65	65	NA
1016	8	1988	0	-6	-2859	0	50	0	NA
1017	12	742	903	24	-6	0	65	65	NA
1018	12	742	609	24	-6	0	65	65	NA
1019	12	742	500	-24	6	0	65	65	NA
1020	8	742	0	6	-2859	0	50	0	NA
1021	12	1100	742	-24	6	0	65	65	NA
1022	8	500	0	-24	-2859	0	50	0	NA
1023	12	500	742	-24	6	0	65	65	NA
1024	12	609	742	-24	6	0	65	65	NA
1025	8	1988	0	-24	-2859	0	50	0	NA
1026	8	742	0	6	-2859	0	50	0	NA
1027	12	500	742	24	-6	0	65	65	NA
1028	12	903	742	24	-6	0	65	65	NA
1029	12	903	742	24	-6	0	65	65	700
1030	12	742	1100	-24	6	1	65	65	750
1031	12	500	742	24	-6	0	65	65	NA
1032	12	1100	742	24	-6	0	65	65	NA
1033	8	500	0	6	-2859	0	50	0	NA
1034	12	742	500	24	-6	0	65	65	NA
1035	8	500	0	-24	-2859	0	50	0	NA
1036	12	742	1100	-24	6	0	65	65	800
1037	8	1988	0	-24	-2859	0	50	0	750
1038	12	742	609	24	-6	0	65	65	NA
1039	8	1988	0	-24	-2859	0	50	0	NA
1040	12	1100	742	-24	6	0	65	65	NA
1041	8	1988	0	-24	-2859	0	50	0	NA
1042	8	500	0	-24	-2859	0	50	0	NA
1043	8	742	0	-24	-2859	0	50	0	NA
1044	12	742	1100	24	-6	0	65	65	NA
1045	8	500	0	-24	-2859	0	50	0	NA
1046	8	742	0	24	-2859	0	50	0	NA
1047	12	742	609	24	-6	0	65	65	NA
1048	12	903	742	-24	6	0	65	65	NA
1049	8	1988	0	-6	-2859	0	50	0	NA
1050	8	742	0	-24	-2859	0	50	0	NA
1051	12	500	742	-24	6	0	65	65	NA
1052	8	500	0	-6	-2859	0	50	0	NA
1053	12	1100	742	24	-6	0	65	65	NA
1054	12	742	500	24	-6	0	65	65	NA
1055	8	742	0	-6	-2859	0	50	0	NA
1056	8	742	0	-24	-2859	0	50	0	NA
1057	12	609	742	-24	6	1	65	65	750
1058	8	1988	0	-6	-2859	0	50	0	NA
1059	12	609	742	-24	6	0	65	65	NA
1060	8	1988	0	24	-2859	0	50	0	NA
1061	8	1988	0	24	-2859	0	50	0	NA
1062	8	742	0	-6	-2859	0	50	0	NA
1063	12	500	742	24	-6	0	65	65	NA
1064	8	742	0	-24	-2859	0	50	0	NA
1065	12	609	742	-24	6	0	65	65	NA
1066	12	1100	742	24	-6	0	65	65	NA
1067	12	742	903	24	-6	0	65	65	NA
1068	8	500	0	24	-2859	0	50	0	NA
1069	12	742	903	-24	6	0	65	65	NA
