1	12	500	742	24	-6	0	50	50	NA
2	8	500	0	6	-2859	0	50	0	NA
3	12	1100	742	24	-6	0	50	50	NA
4	12	500	742	-24	6	0	50	50	NA
5	12	500	742	-24	6	0	50	50	1000
6	8	500	0	-6	-2859	1	50	0	1000
7	12	742	1100	-24	6	1	50	50	1100
8	8	500	0	24	-2859	1	50	0	1000
9	12	742	500	-24	6	0	50	50	NA
10	8	742	0	-6	-2859	1	50	0	1000
11	12	742	1100	-24	6	1	50	50	1100
12	8	500	0	24	-2859	1	50	0	1000
13	12	742	1100	24	-6	1	50	50	1000
14	8	500	0	24	-2859	1	50	0	1100
15	12	742	500	-24	6	1	50	50	1000
16	8	1100	0	6	-2859	1	50	0	1100
17	8	742	0	-24	-2859	1	50	0	1000
18	8	1100	0	24	-2859	1	50	0	1000
19	8	1100	0	6	-2859	1	50	0	1100
20	12	742	500	24	-6	1	50	50	1000
21	8	742	0	6	-2859	1	50	0	1100
22	8	1100	0	24	-2859	1	50	0	1000
23	12	742	1100	24	-6	0	50	50	NA
24	12	500	742	-24	6	1	50	50	1000
25	8	1100	0	-6	-2859	1	50	0	1000
26	8	742	0	-6	-2859	1	50	0	1000
27	12	500	742	-24	6	1	50	50	1000
28	12	500	742	-24	6	0	50	50	1100
29	12	500	742	24	-6	1	50	50	1100
30	8	1100	0	6	-2859	1	50	0	1100
31	12	742	1100	-24	6	0	50	50	1000
32	8	742	0	6	-2859	1	50	0	1000
33	12	742	500	-24	6	1	50	50	1000
34	12	742	1100	-24	6	1	50	50	1100
35	12	742	500	24	-6	1	50	50	1000
36	12	742	1100	24	-6	1	50	50	1000
37	8	1100	0	-6	-2859	1	50	0	1000
38	8	500	0	24	-2859	1	50	0	1000
39	12	1100	742	24	-6	1	50	50	1000
40	8	742	0	6	-2859	1	50	0	1100
41	8	500	0	-24	-2859	1	50	0	1100
42	12	742	1100	-24	6	1	50	50	1100
43	8	500	0	24	-2859	1	50	0	1000
44	12	742	1100	24	-6	1	50	50	1000
45	8	1100	0	-6	-2859	1	50	0	1000
46	12	500	742	24	-6	0	50	50	1100
47	8	1100	0	6	-2859	1	50	0	1000
48	8	500	0	-24	-2859	1	50	0	1000
49	12	742	1100	-24	6	0	50	50	1000
50	8	500	0	-6	-2859	1	50	0	1100
51	12	742	1100	-24	6	1	50	50	1000
52	12	500	742	-24	6	1	50	50	1100
53	8	742	0	24	-2859	1	50	0	1000
54	12	742	500	-24	6	1	50	50	1000
55	8	1100	0	24	-2859	1	50	0	1100
56	8	742	0	6	-2859	1	50	0	1000
57	12	500	742	-24	6	1	50	50	1000
58	8	1100	0	24	-2859	0	50	0	NA
59	8	500	0	6	-2859	1	50	0	1000
60	12	1100	742	24	-6	1	50	50	1000
61	8	742	0	24	-2859	1	50	0	1100
62	12	500	742	-24	6	1	50	50	1000
63	12	742	1100	24	-6	1	50	50	1000
64	8	742	0	-24	-2859	1	50	0	1100
65	12	500	742	24	-6	1	50	50	1000
66	8	742	0	24	-2859	1	50	0	1000
67	8	1100	0	24	-2859	1	50	0	1100
68	12	1100	742	24	-6	0	50	50	NA
69	8	500	0	-24	-2859	1	50	0	1000
70	12	500	742	-24	6	1	50	50	1000
71	8	1100	0	24	-2859	1	50	0	1000
72	12	500	742	-24	6	1	50	50	1000
73	8	1100	0	6	-2859	1	50	0	1100
74	12	742	500	24	-6	1	50	50	1100
75	12	742	1100	-24	6	0	50	50	1000
76	8	1100	0	-24	-2859	0	50	0	NA
77	12	500	742	24	-6	1	50	50	1000
78	8	500	0	-6	-2859	1	50	0	1100
79	12	1100	742	-24	6	0	50	50	1000
80	12	742	500	-24	6	1	50	50	1000
81	8	500	0	-6	-2859	0	50	0	1100
82	12	742	1100	-24	6	1	50	50	1000
83	12	742	500	24	-6	1	50	50	1000
84	12	1100	742	24	-6	1	50	50	1000
85	8	742	0	-6	-2859	0	50	0	NA
86	12	742	500	24	-6	1	50	50	1000
87	12	742	1100	-24	6	0	50	50	1000
88	8	742	0	-24	-2859	1	50	0	1000
89	8	742	0	6	-2859	1	50	0	1100
90	12	1100	742	24	-6	0	50	50	NA
91	12	742	500	-24	6	1	50	50	1000
92	8	1100	0	-24	-2859	1	50	0	1000
93	12	500	742	24	-6	1	50	50	1100
94	12	742	500	24	-6	1	50	50	1000
95	12	1100	742	24	-6	1	50	50	1000
96	8	1100	0	-6	-2859	0	50	0	NA
97	8	500	0	24	-2859	1	50	0	1000
98	12	742	500	24	-6	0	50	50	1100
99	12	742	500	-24	6	1	50	50	1100
100	12	742	1100	-24	6	0	50	50	1000
101	12	742	500	-24	6	0	50	50	1000
102	8	500	0	-6	-2859	1	50	0	1000
103	8	1100	0	6	-2859	1	50	0	1000
104	12	1100	742	24	-6	1	50	50	1100
105	12	500	742	24	-6	1	50	50	1100
106	12	500	742	-24	6	1	50	50	1000
107	8	500	0	-24	-2859	1	50	0	1100
108	8	1100	0	-6	-2859	1	50	0	1000
109	8	742	0	24	-2859	1	50	0	1000
110	8	742	0	-24	-2859	0	50	0	1000
111	12	742	1100	-24	6	0	50	50	1100
112	8	742	0	24	-2859	1	50	0	1000
113	12	1100	742	-24	6	1	50	50	1000
114	8	1100	0	-24	-2859	1	50	0	1000
115	8	1100	0	-24	-2859	1	50	0	1000
116	8	742	0	24	-2859	1	50	0	1100
117	8	1100	0	-24	-2859	1	50	0	1100
118	12	742	500	-24	6	1	50	50	1000
119	12	742	1100	-24	6	0	50	50	1000
120	12	500	742	-24	6	1	50	50	1100
121	12	742	500	-24	6	0	50	50	1000
122	12	500	742	24	-6	1	50	50	1000
123	8	1100	0	-6	-2859	1	50	0	1100
124	12	742	1100	24	-6	1	50	50	1000
125	12	742	1100	-24	6	0	50	50	1100
126	8	742	0	6	-2859	1	50	0	1000
127	8	742	0	24	-2859	1	50	0	1000
128	12	1100	742	-24	6	0	50	50	1000
129	8	500	0	-6	-2859	1	50	0	1100
130	12	500	742	-24	6	0	50	50	1000
131	8	500	0	-24	-2859	1	50	0	1000
132	12	1100	742	-24	6	0	50	50	1000
133	8	500	0	24	-2859	1	50	0	1000
134	12	742	500	-24	6	0	50	50	1100
135	12	742	1100	-24	6	1	50	50	1000
136	8	500	0	6	-2859	1	50	0	1100
137	8	500	0	-6	-2859	1	50	0	1100
138	12	500	742	-24	6	1	50	50	1000
139	8	1100	0	-24	-2859	1	50	0	1000
140	12	742	500	-24	6	0	50	50	1000
141	12	1100	742	24	-6	1	50	50	1000
142	8	500	0	24	-2859	1	50	0	1100
143	12	500	742	24	-6	1	50	50	1000
144	8	1100	0	-24	-2859	1	50	0	1000
145	12	742	1100	24	-6	1	50	50	1000
146	12	742	1100	24	-6	1	50	50	1100
147	8	500	0	6	-2859	1	50	0	1000
148	8	1100	0	-24	-2859	1	50	0	1100
149	12	742	1100	24	-6	1	50	50	1000
150	12	500	742	24	-6	1	50	50	1100
151	12	742	1100	24	-6	1	50	50	1000
152	12	742	1100	24	-6	1	50	50	1000
153	12	1100	742	24	-6	1	50	50	1100
154	8	742	0	-6	-2859	1	50	0	1000
155	8	742	0	-6	-2859	1	50	0	1100
156	8	742	0	24	-2859	1	50	0	1000
157	12	1100	742	-24	6	1	50	50	1000
158	8	1100	0	-6	-2859	1	50	0	1000
159	12	742	500	-24	6	1	50	50	1100
160	12	742	1100	-24	6	0	50	50	1000
161	12	742	500	-24	6	1	50	50	1000
162	8	1100	0	24	-2859	1	50	0	1100
163	8	742	0	-24	-2859	1	50	0	1000
164	12	742	1100	24	-6	1	50	50	1000
165	12	742	500	-24	6	0	50	50	1000
166	8	500	0	-6	-2859	1	50	0	1100
167	12	742	1100	-24	6	0	50	50	1000
168	8	500	0	-24	-2859	1	50	0	1000
169	8	742	0	-6	-2859	1	50	0	1100
170	8	1100	0	-6	-2859	0	50	0	1000
171	12	500	742	24	-6	1	50	50	1100
172	12	742	1100	-24	6	1	50	50	1000
173	8	500	0	-6	-2859	1	50	0	1000
174	12	742	1100	-24	6	1	50	50	1100
175	8	1100	0	-24	-2859	1	50	0	1000
176	8	742	0	-6	-2859	0	50	0	1000
177	8	500	0	24	-2859	0	50	0	NA
178	8	500	0	24	-2859	1	50	0	1000
179	12	742	500	-24	6	0	50	50	1100
180	8	500	0	-24	-2859	1	50	0	1000
181	12	742	1100	24	-6	1	50	50	1100
182	8	742	0	24	-2859	1	50	0	1000
183	8	500	0	-24	-2859	1	50	0	1000
184	8	742	0	-24	-2859	1	50	0	1000
185	12	742	500	-24	6	1	50	50	1000
186	8	742	0	24	-2859	1	50	0	1000
187	8	1100	0	6	-2859	1	50	0	1100
188	12	500	742	-24	6	0	50	50	NA
189	8	1100	0	-24	-2859	1	50	0	1000
190	8	1100	0	-6	-2859	0	50	0	1100
191	12	1100	742	24	-6	1	50	50	1000
192	8	1100	0	-24	-2859	1	50	0	1000
193	12	500	742	-24	6	0	50	50	1100
194	12	1100	742	-24	6	0	50	50	1000
195	12	742	500	-24	6	0	50	50	1100
196	8	1100	0	-24	-2859	1	50	0	1000
197	8	742	0	-24	-2859	1	50	0	1000
198	8	500	0	-6	-2859	1	50	0	1100
199	12	1100	742	24	-6	1	50	50	1000
200	8	500	0	6	-2859	1	50	0	1000
201	8	742	0	-6	-2859	1	50	0	1100
202	8	1100	0	24	-2859	1	50	0	1000
203	12	1100	742	24	-6	1	50	50	1000
204	8	742	0	6	-2859	1	50	0	1000
205	12	742	500	24	-6	1	50	50	1000
206	8	500	0	-24	-2859	1	50	0	1100
207	8	1100	0	6	-2859	1	50	0	1000
208	8	742	0	6	-2859	1	50	0	1000
209	12	500	742	24	-6	1	50	50	1100
210	8	742	0	-24	-2859	1	50	0	1000
211	12	742	1100	-24	6	0	50	50	1100
212	12	742	1100	-24	6	0	50	50	1000
213	8	742	0	6	-2859	1	50	0	1000
214	8	1100	0	24	-2859	1	50	0	1000
215	8	742	0	6	-2859	1	50	0	1100
216	8	1100	0	24	-2859	1	50	0	1000
217	8	1100	0	-24	-2859	1	50	0	1100
218	12	742	500	-24	6	1	50	50	1000
219	8	500	0	6	-2859	1	50	0	1000
220	8	500	0	-24	-2859	1	50	0	1100
221	12	1100	742	-24	6	0	50	50	1000
222	8	500	0	-24	-2859	0	50	0	NA
223	8	742	0	6	-2859	1	50	0	1100
224	8	742	0	24	-2859	1	50	0	1000
225	12	742	1100	-24	6	1	50	50	1000
226	8	500	0	24	-2859	0	50	0	NA
227	8	500	0	-6	-2859	1	50	0	1100
228	8	1100	0	6	-2859	1	50	0	1000
229	8	500	0	24	-2859	1	50	0	1000
230	8	1100	0	-6	-2859	0	50	0	NA
231	12	742	1100	-24	6	0	50	50	1000
232	12	500	742	-24	6	1	50	50	1100
233	8	742	0	-6	-2859	1	50	0	1000
234	8	1100	0	-6	-2859	1	50	0	1000
235	8	742	0	24	-2859	1	50	0	1100
236	8	742	0	24	-2859	1	50	0	1000
237	8	742	0	-24	-2859	1	50	0	1000
238	8	500	0	-6	-2859	1	50	0	1000
239	12	500	742	24	-6	0	50	50	NA
240	8	1100	0	-24	-2859	1	50	0	1000
241	8	742	0	24	-2859	1	50	0	1000
242	12	500	742	24	-6	1	50	50	1100
243	12	742	1100	-24	6	1	50	50	1100
244	12	1100	742	24	-6	1	50	50	1000
245	8	500	0	24	-2859	1	50	0	1100
246	8	500	0	24	-2859	1	50	0	1000
247	12	500	742	-24	6	1	50	50	1000
248	8	1100	0	-6	-2859	0	50	0	1000
249	8	1100	0	6	-2859	1	50	0	1000
250	8	742	0	-6	-2859	0	50	0	1000
251	8	500	0	6	-2859	1	50	0	1000
252	12	500	742	24	-6	1	50	50	1100
253	8	500	0	6	-2859	1	50	0	1100
254	8	742	0	24	-2859	1	50	0	1000
255	8	1100	0	-6	-2859	1	50	0	1000
256	12	1100	742	24	-6	1	50	50	1000
257	8	500	0	6	-2859	1	50	0	1000
258	12	742	1100	-24	6	1	50	50	1100
259	12	742	500	24	-6	1	50	50	1000
260	12	1100	742	24	-6	1	50	50	1100
261	8	1100	0	-24	-2859	1	50	0	1000
262	8	742	0	24	-2859	1	50	0	1000
263	8	500	0	-24	-2859	1	50	0	1100
264	12	500	742	24	-6	1	50	50	1000
265	8	742	0	-6	-2859	1	50	0	1100
266	12	742	500	24	-6	1	50	50	1000
267	8	1100	0	-24	-2859	1	50	0	1100
268	8	500	0	6	-2859	1	50	0	1000
269	8	500	0	6	-2859	1	50	0	1100
270	8	742	0	24	-2859	1	50	0	1000
271	8	500	0	6	-2859	1	50	0	1000
272	12	742	500	-24	6	1	50	50	1000
273	8	500	0	-24	-2859	1	50	0	1000
274	12	742	1100	-24	6	0	50	50	1100
275	8	1100	0	-24	-2859	1	50	0	1000
276	8	742	0	6	-2859	1	50	0	1000
277	12	742	1100	24	-6	1	50	50	1000
278	12	500	742	-24	6	1	50	50	1100
279	12	742	1100	24	-6	1	50	50	1000
280	8	1100	0	6	-2859	1	50	0	1000
281	12	1100	742	24	-6	1	50	50	1000
282	12	500	742	-24	6	1	50	50	1000
283	12	500	742	-24	6	1	50	50	1100
284	8	1100	0	6	-2859	1	50	0	1100
285	8	742	0	-24	-2859	1	50	0	1100
286	12	1100	742	24	-6	1	50	50	1000
287	12	500	742	-24	6	1	50	50	1000
288	12	742	500	-24	6	0	50	50	1100
289	12	742	1100	-24	6	1	50	50	1000
290	8	1100	0	-6	-2859	1	50	0	1000
291	12	500	742	-24	6	0	50	50	1000
292	8	1100	0	6	-2859	1	50	0	1100
293	12	500	742	-24	6	0	50	50	NA
294	12	742	500	-24	6	1	50	50	1100
295	12	742	500	-24	6	1	50	50	1000
296	8	500	0	-6	-2859	1	50	0	1000
297	8	742	0	-24	-2859	1	50	0	1000
298	8	742	0	24	-2859	1	50	0	1000
299	8	742	0	-6	-2859	1	50	0	1100
300	12	500	742	24	-6	1	50	50	1100
301	12	742	1100	24	-6	1	50	50	1000
302	12	500	742	-24	6	0	50	50	1000
303	12	742	500	-24	6	1	50	50	1000
304	8	1100	0	-6	-2859	1	50	0	1000
305	8	500	0	6	-2859	1	50	0	1000
306	8	1100	0	24	-2859	1	50	0	1100
307	12	500	742	-24	6	0	50	50	1100
308	12	1100	742	24	-6	0	50	50	NA
309	8	500	0	24	-2859	1	50	0	1100
310	12	742	500	-24	6	0	50	50	NA
311	12	1100	742	24	-6	1	50	50	1100
312	12	1100	742	24	-6	1	50	50	1000
313	12	500	742	24	-6	1	50	50	1000
314	8	500	0	-24	-2859	1	50	0	1000
315	8	500	0	6	-2859	1	50	0	1000
316	12	500	742	-24	6	1	50	50	1100
317	12	1100	742	24	-6	0	50	50	NA
318	8	500	0	-24	-2859	0	50	0	NA
319	12	742	500	-24	6	0	50	50	1100
320	8	742	0	24	-2859	1	50	0	1000
321	8	1100	0	24	-2859	1	50	0	1000
322	12	742	500	24	-6	1	50	50	1000
323	8	500	0	6	-2859	1	50	0	1000
324	12	742	500	-24	6	1	50	50	1100
325	12	742	1100	24	-6	1	50	50	1100
326	8	742	0	24	-2859	1	50	0	1000
327	8	1100	0	-24	-2859	0	50	0	NA
328	12	1100	742	-24	6	0	50	50	1000
329	12	500	742	-24	6	0	50	50	1000
330	12	1100	742	24	-6	1	50	50	1000
331	12	500	742	-24	6	1	50	50	1100
332	12	742	1100	-24	6	0	50	50	1000
333	12	500	742	-24	6	1	50	50	1100
334	8	1100	0	6	-2859	1	50	0	1000
335	8	742	0	6	-2859	1	50	0	1000
336	12	742	1100	24	-6	1	50	50	1000
337	8	1100	0	-6	-2859	1	50	0	1100
338	8	1100	0	6	-2859	1	50	0	1000
339	12	1100	742	-24	6	0	50	50	1000
340	12	500	742	-24	6	1	50	50	1100
341	12	1100	742	24	-6	1	50	50	1000
342	12	742	500	24	-6	1	50	50	1000
343	8	742	0	-6	-2859	1	50	0	1000
344	12	742	1100	-24	6	0	50	50	1100
345	8	742	0	-6	-2859	1	50	0	1100
346	8	742	0	-6	-2859	0	50	0	1000
347	12	1100	742	-24	6	0	50	50	1000
348	12	500	742	24	-6	1	50	50	1100
349	12	742	500	-24	6	1	50	50	1000
350	12	742	500	-24	6	0	50	50	1000
351	12	1100	742	24	-6	1	50	50	1000
352	8	500	0	6	-2859	1	50	0	1000
353	8	1100	0	-24	-2859	1	50	0	1000
354	8	1100	0	-24	-2859	1	50	0	1100
355	12	742	500	-24	6	1	50	50	1000
356	8	500	0	6	-2859	1	50	0	1100
357	8	500	0	24	-2859	1	50	0	1000
358	8	500	0	6	-2859	1	50	0	1000
359	8	500	0	6	-2859	1	50	0	1100
360	12	742	1100	-24	6	0	50	50	1100
361	8	742	0	-6	-2859	1	50	0	1000
362	12	742	1100	24	-6	1	50	50	1000
363	12	742	1100	-24	6	1	50	50	1100
364	8	742	0	6	-2859	1	50	0	1000
365	8	742	0	-24	-2859	1	50	0	1000
366	12	500	742	-24	6	0	50	50	1000
367	8	500	0	24	-2859	1	50	0	1100
368	8	1100	0	-24	-2859	1	50	0	1000
369	12	500	742	24	-6	0	50	50	1100
370	8	500	0	6	-2859	1	50	0	1000
371	12	742	500	-24	6	0	50	50	1000
372	12	742	500	24	-6	1	50	50	1000
373	8	1100	0	24	-2859	1	50	0	1000
374	12	742	500	24	-6	1	50	50	1100
375	12	1100	742	24	-6	1	50	50	1000
376	8	1100	0	-24	-2859	0	50	0	NA
377	12	1100	742	-24	6	0	50	50	1000
378	12	742	500	-24	6	0	50	50	1000
379	12	742	1100	-24	6	1	50	50	1100
380	12	742	1100	24	-6	1	50	50	1100
381	8	742	0	-6	-2859	1	50	0	1000
382	8	742	0	-6	-2859	1	50	0	1000
383	12	742	1100	24	-6	1	50	50	1100
384	12	742	1100	-24	6	1	50	50	1000
385	8	742	0	6	-2859	1	50	0	1000
386	8	742	0	-6	-2859	1	50	0	1100
387	12	742	500	24	-6	0	50	50	1000
388	8	1100	0	6	-2859	1	50	0	1000
389	8	500	0	-6	-2859	1	50	0	1100
390	12	742	500	-24	6	1	50	50	1100
391	12	1100	742	-24	6	1	50	50	1000
392	8	1100	0	-6	-2859	0	50	0	1000
393	12	1100	742	-24	6	1	50	50	1000
394	8	1100	0	6	-2859	1	50	0	1100
395	8	500	0	6	-2859	1	50	0	1100
396	12	500	742	24	-6	1	50	50	1000
397	8	500	0	6	-2859	1	50	0	1000
398	12	1100	742	24	-6	1	50	50	1000
399	8	1100	0	-24	-2859	1	50	0	1100
400	8	1100	0	-24	-2859	1	50	0	1000
401	12	500	742	24	-6	0	50	50	1000
402	8	742	0	24	-2859	1	50	0	1000
403	8	742	0	24	-2859	1	50	0	1000
404	12	1100	742	-24	6	1	50	50	1100
405	8	1100	0	-24	-2859	1	50	0	1000
406	8	742	0	-24	-2859	1	50	0	1000
407	12	742	1100	-24	6	1	50	50	1100
408	12	1100	742	24	-6	1	50	50	1100
409	8	1100	0	-6	-2859	1	50	0	1000
410	12	742	1100	-24	6	1	50	50	1000
411	12	742	500	24	-6	1	50	50	1000
412	8	500	0	24	-2859	1	50	0	1000
413	8	500	0	24	-2859	1	50	0	1100
414	12	742	500	24	-6	1	50	50	1000
415	12	500	742	24	-6	1	50	50	1000
416	12	500	742	-24	6	1	50	50	1100
417	8	500	0	-24	-2859	1	50	0	1000
418	12	742	500	-24	6	0	50	50	NA
419	8	500	0	6	-2859	1	50	0	1000
420	8	500	0	-6	-2859	1	50	0	1000
421	8	742	0	6	-2859	1	50	0	1100
422	8	742	0	-24	-2859	1	50	0	1000
423	8	742	0	-24	-2859	1	50	0	1000
424	12	500	742	-24	6	0	50	50	1000
425	12	1100	742	-24	6	1	50	50	1100
426	8	500	0	6	-2859	1	50	0	1000
427	12	500	742	-24	6	1	50	50	1000
428	12	500	742	24	-6	1	50	50	1100
429	8	1100	0	6	-2859	1	50	0	1100
430	8	500	0	6	-2859	1	50	0	1000
431	8	1100	0	-6	-2859	1	50	0	1100
432	12	1100	742	-24	6	1	50	50	1000
433	8	1100	0	24	-2859	1	50	0	1000
434	12	742	500	24	-6	1	50	50	1000
435	12	742	500	24	-6	1	50	50	1000
436	8	742	0	-6	-2859	0	50	0	1000
437	8	742	0	6	-2859	1	50	0	1100
438	12	1100	742	-24	6	0	50	50	1100
439	8	1100	0	-6	-2859	0	50	0	1000
440	8	742	0	-6	-2859	1	50	0	1000
441	8	742	0	-24	-2859	1	50	0	1000
442	12	1100	742	-24	6	1	50	50	1100
443	8	500	0	6	-2859	1	50	0	1000
444	8	1100	0	24	-2859	1	50	0	1000
445	8	1100	0	24	-2859	1	50	0	1000
446	12	742	500	-24	6	1	50	50	1100
447	12	742	1100	24	-6	1	50	50	1000
448	12	742	500	24	-6	1	50	50	1100
449	8	500	0	6	-2859	1	50	0	1000
450	12	1100	742	24	-6	1	50	50	1000
451	12	500	742	24	-6	0	50	50	NA
452	8	500	0	24	-2859	1	50	0	1100
453	12	500	742	24	-6	1	50	50	1100
454	12	500	742	24	-6	1	50	50	1000
455	8	1100	0	-24	-2859	1	50	0	1000
456	12	500	742	-24	6	1	50	50	1100
457	12	500	742	-24	6	1	50	50	1000
458	8	1100	0	6	-2859	1	50	0	1000
459	8	500	0	-24	-2859	0	50	0	NA
460	8	742	0	-6	-2859	1	50	0	1100
461	8	1100	0	24	-2859	1	50	0	1000
462	12	742	500	24	-6	1	50	50	1000
463	8	500	0	24	-2859	1	50	0	1100
464	8	500	0	-6	-2859	1	50	0	1000
465	12	742	500	24	-6	1	50	50	1000
466	12	1100	742	-24	6	0	50	50	NA
467	8	742	0	-6	-2859	0	50	0	NA
468	8	742	0	-6	-2859	1	50	0	1100
469	8	1100	0	6	-2859	1	50	0	1000
470	8	500	0	24	-2859	1	50	0	1000
471	12	742	1100	24	-6	1	50	50	1000
472	12	742	1100	24	-6	1	50	50	1100
473	8	500	0	-24	-2859	1	50	0	1000
474	8	500	0	24	-2859	1	50	0	1000
475	8	742	0	24	-2859	1	50	0	1100
476	8	1100	0	-6	-2859	1	50	0	1000
477	8	500	0	-24	-2859	0	50	0	NA
478	8	742	0	24	-2859	1	50	0	1000
479	8	1100	0	6	-2859	1	50	0	1100
480	8	1100	0	-6	-2859	0	50	0	1000
481	8	742	0	-24	-2859	1	50	0	1000
482	12	500	742	-24	6	0	50	50	1000
483	8	742	0	-6	-2859	1	50	0	1100
484	8	742	0	6	-2859	1	50	0	1000
485	8	742	0	24	-2859	1	50	0	1100
486	12	742	1100	-24	6	1	50	50	1000
487	8	742	0	24	-2859	1	50	0	1000
488	12	742	500	24	-6	1	50	50	1000
489	12	742	500	-24	6	1	50	50	1100
490	12	500	742	-24	6	0	50	50	1000
491	8	1100	0	24	-2859	1	50	0	1100
492	12	1100	742	24	-6	1	50	50	1000
493	8	500	0	24	-2859	1	50	0	1000
494	12	742	500	24	-6	1	50	50	1000
495	12	742	500	24	-6	1	50	50	1000
496	12	1100	742	-24	6	1	50	50	1000
497	8	500	0	6	-2859	1	50	0	1000
498	12	742	1100	24	-6	1	50	50	1000
499	8	1100	0	-24	-2859	1	50	0	1100
500	8	1100	0	-24	-2859	1	50	0	1100
501	8	500	0	6	-2859	1	50	0	1000
502	8	500	0	-24	-2859	1	50	0	1000
503	8	500	0	6	-2859	0	50	0	NA
504	12	1100	742	-24	6	0	50	50	1100
505	12	500	742	-24	6	0	50	50	1100
506	12	742	500	24	-6	1	50	50	1000
507	12	742	500	24	-6	1	50	50	1000
508	8	742	0	-24	-2859	1	50	0	1000
509	12	500	742	24	-6	1	50	50	1000
510	12	742	500	24	-6	1	50	50	1100
511	12	500	742	-24	6	0	50	50	1100
512	8	742	0	-24	-2859	1	50	0	1000
513	12	742	1100	-24	6	0	50	50	1100
514	12	1100	742	24	-6	1	50	50	1000
515	8	742	0	-24	-2859	1	50	0	1000
516	12	742	500	-24	6	1	50	50	1000
517	12	742	500	24	-6	0	50	50	1100
518	12	1100	742	-24	6	1	50	50	1000
519	12	742	1100	24	-6	1	50	50	1000
520	12	742	500	24	-6	1	50	50	1000
521	12	742	500	-24	6	0	50	50	1100
522	8	500	0	-6	-2859	0	50	0	NA
523	8	1100	0	6	-2859	1	50	0	1000
524	12	742	1100	24	-6	0	50	50	1000
525	12	500	742	-24	6	1	50	50	1000
526	12	1100	742	-24	6	0	50	50	1000
527	12	742	1100	-24	6	1	50	50	1100
528	12	742	500	24	-6	1	50	50	1000
529	8	500	0	-24	-2859	0	50	0	NA
530	12	500	742	24	-6	0	50	50	1100
531	12	1100	742	-24	6	1	50	50	1100
532	8	1100	0	24	-2859	1	50	0	1100
533	8	1100	0	6	-2859	1	50	0	1000
534	12	1100	742	24	-6	1	50	50	1000
535	12	742	1100	24	-6	1	50	50	1000
536	12	742	500	-24	6	1	50	50	1000
537	8	1100	0	-6	-2859	1	50	0	1100
538	12	1100	742	-24	6	1	50	50	1000
539	12	742	500	-24	6	0	50	50	NA
540	12	1100	742	24	-6	1	50	50	1000
541	12	1100	742	24	-6	1	50	50	1000
542	12	500	742	-24	6	1	50	50	1100
543	12	742	500	24	-6	1	50	50	1100
544	8	1100	0	6	-2859	0	50	0	NA
545	8	742	0	24	-2859	1	50	0	1000
546	8	742	0	-24	-2859	1	50	0	1000
547	12	742	1100	-24	6	1	50	50	1000
548	12	500	742	24	-6	1	50	50	1100
549	8	742	0	6	-2859	1	50	0	1000
550	8	500	0	-6	-2859	1	50	0	1000
551	8	1100	0	-6	-2859	1	50	0	1000
552	8	500	0	6	-2859	1	50	0	1100
553	12	500	742	-24	6	1	50	50	1000
554	8	1100	0	24	-2859	1	50	0	1100
555	12	742	1100	-24	6	0	50	50	1000
556	8	500	0	-24	-2859	1	50	0	1000
557	12	500	742	-24	6	0	50	50	1000
558	12	742	500	24	-6	1	50	50	1100
559	8	742	0	-24	-2859	1	50	0	1000
560	8	742	0	24	-2859	1	50	0	1100
561	12	742	500	-24	6	0	50	50	1000
562	12	500	742	-24	6	1	50	50	1100
563	12	1100	742	24	-6	1	50	50	1000
564	12	1100	742	24	-6	1	50	50	1100
565	8	500	0	-6	-2859	1	50	0	1000
566	8	1100	0	6	-2859	1	50	0	1000
567	8	742	0	6	-2859	1	50	0	1000
568	8	500	0	24	-2859	1	50	0	1000
569	8	500	0	6	-2859	1	50	0	1000
570	12	1100	742	-24	6	1	50	50	1100
571	12	742	500	24	-6	1	50	50	1000
572	8	1100	0	24	-2859	1	50	0	1100
573	12	742	500	-24	6	1	50	50	1000
574	12	1100	742	-24	6	1	50	50	1100
575	12	742	1100	-24	6	1	50	50	1000
576	8	742	0	6	-2859	1	50	0	1100
577	8	1100	0	-24	-2859	1	50	0	1000
578	8	742	0	6	-2859	1	50	0	1000
579	12	1100	742	24	-6	1	50	50	1100
580	12	500	742	-24	6	1	50	50	1000
581	8	742	0	-6	-2859	1	50	0	1000
582	12	1100	742	24	-6	1	50	50	1000
583	12	742	1100	-24	6	1	50	50	1100
584	8	1100	0	6	-2859	1	50	0	1000
585	12	500	742	-24	6	1	50	50	1000
586	12	742	1100	-24	6	1	50	50	1000
587	12	742	500	-24	6	1	50	50	1100
588	12	500	742	-24	6	0	50	50	1000
589	12	1100	742	24	-6	1	50	50	1100
590	8	1100	0	-24	-2859	1	50	0	1000
591	8	742	0	6	-2859	1	50	0	1000
592	12	742	1100	-24	6	0	50	50	1100
593	8	1100	0	-24	-2859	1	50	0	1000
594	8	500	0	6	-2859	1	50	0	1000
595	8	500	0	6	-2859	1	50	0	1000
596	12	742	1100	-24	6	1	50	50	1100
597	12	742	1100	-24	6	0	50	50	1000
598	8	500	0	-6	-2859	1	50	0	1000
599	12	1100	742	-24	6	1	50	50	1100
600	12	1100	742	24	-6	1	50	50	1000
601	12	500	742	-24	6	1	50	50	1100
602	12	742	500	24	-6	1	50	50	1000
603	8	742	0	6	-2859	1	50	0	1000
604	12	500	742	24	-6	0	50	50	NA
605	12	500	742	24	-6	1	50	50	1000
606	8	742	0	-6	-2859	1	50	0	1100
607	8	742	0	24	-2859	1	50	0	1000
608	8	742	0	-6	-2859	1	50	0	1100
609	8	500	0	-24	-2859	1	50	0	1100
610	12	500	742	-24	6	1	50	50	1000
611	12	1100	742	-24	6	0	50	50	1100
612	8	1100	0	-6	-2859	1	50	0	1000
613	12	742	500	24	-6	1	50	50	1000
614	8	742	0	-24	-2859	0	50	0	1000
615	8	1100	0	6	-2859	1	50	0	1000
616	8	500	0	-6	-2859	0	50	0	1100
617	12	742	500	-24	6	0	50	50	1000
618	8	500	0	-6	-2859	1	50	0	1000
619	12	742	500	24	-6	1	50	50	1000
620	8	1100	0	24	-2859	1	50	0	1100
621	12	500	742	24	-6	0	50	50	1100
622	12	742	1100	24	-6	1	50	50	1100
623	12	500	742	-24	6	1	50	50	1000
624	8	1100	0	-6	-2859	1	50	0	1000
625	12	500	742	24	-6	1	50	50	1000
626	8	1100	0	6	-2859	1	50	0	1000
627	8	1100	0	-6	-2859	1	50	0	1100
628	12	742	500	24	-6	1	50	50	1000
629	8	742	0	6	-2859	1	50	0	1000
630	12	742	500	-24	6	0	50	50	1000
631	8	1100	0	-24	-2859	1	50	0	1100
632	12	742	500	-24	6	1	50	50	1000
633	8	742	0	6	-2859	1	50	0	1000
634	12	742	500	24	-6	1	50	50	1100
635	12	742	1100	-24	6	0	50	50	1000
636	12	500	742	24	-6	1	50	50	1100
637	8	500	0	-6	-2859	1	50	0	1000
638	8	500	0	24	-2859	1	50	0	1000
639	12	742	1100	24	-6	1	50	50	1100
640	8	500	0	24	-2859	1	50	0	1000
641	12	742	1100	24	-6	1	50	50	1100
642	8	742	0	6	-2859	1	50	0	1000
643	12	1100	742	-24	6	0	50	50	NA
644	12	742	500	24	-6	1	50	50	1000
645	12	500	742	-24	6	1	50	50	1100
646	8	742	0	6	-2859	1	50	0	1000
647	12	742	500	-24	6	1	50	50	1100
648	8	742	0	-6	-2859	1	50	0	1000
649	8	500	0	24	-2859	1	50	0	1000
650	8	1100	0	-6	-2859	1	50	0	1000
651	8	742	0	-24	-2859	1	50	0	1000
652	8	500	0	24	-2859	1	50	0	1100
653	8	500	0	-24	-2859	1	50	0	1000
654	12	1100	742	-24	6	1	50	50	1000
655	8	1100	0	-6	-2859	1	50	0	1000
656	8	1100	0	-6	-2859	1	50	0	1100
657	12	1100	742	-24	6	0	50	50	1000
658	8	742	0	24	-2859	1	50	0	1000
659	8	500	0	24	-2859	1	50	0	1100
660	12	742	500	24	-6	1	50	50	1000
661	12	1100	742	-24	6	0	50	50	1000
662	8	500	0	24	-2859	1	50	0	1100
663	12	500	742	24	-6	1	50	50	1000
664	12	1100	742	-24	6	1	50	50	1100
665	8	742	0	6	-2859	1	50	0	1000
666	12	500	742	24	-6	1	50	50	1100
667	12	742	1100	24	-6	1	50	50	1000
668	12	1100	742	24	-6	1	50	50	1000
669	12	1100	742	-24	6	1	50	50	1100
670	8	1100	0	6	-2859	1	50	0	1000
671	8	1100	0	6	-2859	1	50	0	1000
672	12	1100	742	24	-6	1	50	50	1000
673	12	1100	742	24	-6	1	50	50	1100
674	8	742	0	-24	-2859	0	50	0	NA
675	8	742	0	-6	-2859	1	50	0	1100
676	12	742	1100	-24	6	1	50	50	1100
677	8	1100	0	-6	-2859	1	50	0	1000
678	8	500	0	-6	-2859	0	50	0	1000
679	8	500	0	24	-2859	1	50	0	1000
680	8	1100	0	24	-2859	0	50	0	NA
681	8	1100	0	-24	-2859	1	50	0	1100
682	12	742	1100	24	-6	1	50	50	1000
683	12	1100	742	24	-6	1	50	50	1000
684	12	742	1100	24	-6	1	50	50	1000
685	8	742	0	6	-2859	1	50	0	1100
686	12	742	1100	24	-6	1	50	50	1000
687	12	1100	742	24	-6	1	50	50	1000
688	12	500	742	24	-6	1	50	50	1100
689	12	742	500	-24	6	1	50	50	1000
690	12	742	500	24	-6	1	50	50	1000
691	8	1100	0	-24	-2859	1	50	0	1100
692	8	1100	0	6	-2859	1	50	0	1000
693	12	1100	742	-24	6	0	50	50	1100
694	8	742	0	6	-2859	1	50	0	1000
695	8	500	0	24	-2859	1	50	0	1100
696	12	742	500	-24	6	1	50	50	1000
697	12	500	742	24	-6	0	50	50	1000
698	8	742	0	-24	-2859	1	50	0	1000
699	8	500	0	-6	-2859	0	50	0	1000
700	8	500	0	-24	-2859	1	50	0	1000
701	8	500	0	24	-2859	1	50	0	1100
702	8	500	0	-24	-2859	1	50	0	1000
703	12	500	742	24	-6	1	50	50	1100
704	8	1100	0	24	-2859	1	50	0	1000
705	12	1100	742	-24	6	0	50	50	NA
706	12	500	742	-24	6	1	50	50	1000
707	8	500	0	-24	-2859	1	50	0	1000
708	12	742	1100	24	-6	1	50	50	1100
709	8	742	0	-6	-2859	1	50	0	1000
710	12	1100	742	24	-6	1	50	50	1000
711	12	1100	742	24	-6	1	50	50	1000
712	8	1100	0	-6	-2859	1	50	0	1100
713	8	500	0	-6	-2859	1	50	0	1000
714	12	1100	742	-24	6	0	50	50	1000
715	8	1100	0	24	-2859	1	50	0	1000
716	8	742	0	6	-2859	1	50	0	1100
717	12	500	742	24	-6	1	50	50	1100
718	8	742	0	24	-2859	1	50	0	1000
719	8	742	0	-24	-2859	1	50	0	1000
720	8	742	0	6	-2859	0	50	0	NA
721	8	1100	0	24	-2859	1	50	0	1000
722	12	1100	742	-24	6	0	50	50	1000
723	8	742	0	6	-2859	1	50	0	1100
724	12	742	500	24	-6	1	50	50	1000
725	12	742	1100	24	-6	1	50	50	1100
726	12	500	742	24	-6	1	50	50	1000
727	12	1100	742	-24	6	0	50	50	1000
728	12	1100	742	24	-6	1	50	50	1000
729	8	742	0	-6	-2859	1	50	0	1000
730	8	500	0	24	-2859	1	50	0	1100
731	8	1100	0	-6	-2859	1	50	0	1000
732	12	742	500	24	-6	1	50	50	1000
733	12	1100	742	24	-6	1	50	50	1000
734	8	1100	0	-24	-2859	0	50	0	NA
735	12	742	500	24	-6	1	50	50	1000
736	8	500	0	-6	-2859	0	50	0	1000
737	12	742	500	-24	6	1	50	50	1100
738	12	742	500	-24	6	1	50	50	1000
739	12	500	742	-24	6	0	50	50	1100
740	8	500	0	-6	-2859	0	50	0	NA
741	12	500	742	24	-6	0	50	50	NA
742	8	500	0	-24	-2859	1	50	0	1100
743	8	500	0	-24	-2859	1	50	0	1100
744	12	742	1100	-24	6	0	50	50	NA
745	8	742	0	-24	-2859	1	50	0	1000
746	8	1100	0	-6	-2859	1	50	0	1000
747	12	500	742	24	-6	1	50	50	1000
748	8	500	0	-6	-2859	0	50	0	1000
749	8	742	0	-6	-2859	0	50	0	1100
750	8	742	0	24	-2859	1	50	0	1000
751	12	742	500	24	-6	1	50	50	1000
752	12	500	742	24	-6	1	50	50	1100
753	12	500	742	-24	6	0	50	50	1100
754	8	1100	0	-6	-2859	1	50	0	1000
755	8	1100	0	6	-2859	1	50	0	1000
756	12	742	1100	-24	6	1	50	50	1000
757	12	500	742	24	-6	1	50	50	1100
758	8	500	0	-24	-2859	1	50	0	1000
759	8	500	0	-6	-2859	1	50	0	1000
760	8	500	0	6	-2859	1	50	0	1100
761	12	742	500	24	-6	0	50	50	1000
762	8	742	0	6	-2859	1	50	0	1000
763	8	500	0	24	-2859	1	50	0	1000
764	8	500	0	6	-2859	1	50	0	1100
765	12	742	500	24	-6	1	50	50	1100
766	8	1100	0	6	-2859	1	50	0	1000
767	8	742	0	-24	-2859	1	50	0	1000
768	12	500	742	24	-6	1	50	50	1000
769	12	742	500	24	-6	0	50	50	NA
770	12	742	500	-24	6	0	50	50	1000
771	12	1100	742	24	-6	1	50	50	1100
772	12	742	1100	24	-6	1	50	50	1000
773	8	1100	0	24	-2859	1	50	0	1100
774	8	1100	0	-24	-2859	1	50	0	1000
775	8	742	0	-6	-2859	1	50	0	1000
776	12	742	500	-24	6	1	50	50	1000
777	8	500	0	24	-2859	1	50	0	1100
778	12	500	742	24	-6	1	50	50	1000
779	12	742	1100	-24	6	0	50	50	1000
780	12	1100	742	24	-6	0	50	50	1100
781	12	742	1100	24	-6	1	50	50	1000
782	8	500	0	-24	-2859	0	50	0	NA
783	8	1100	0	-6	-2859	1	50	0	1100
784	8	500	0	-6	-2859	1	50	0	1100
785	8	1100	0	24	-2859	1	50	0	1000
786	8	1100	0	-24	-2859	1	50	0	1000
787	12	500	742	-24	6	1	50	50	1000
788	12	500	742	24	-6	1	50	50	1000
789	12	1100	742	-24	6	0	50	50	1000
790	8	742	0	24	-2859	1	50	0	1000
791	12	742	1100	24	-6	1	50	50	1100
792	12	742	1100	24	-6	1	50	50	1000
793	8	742	0	-24	-2859	1	50	0	1100
794	8	742	0	-6	-2859	1	50	0	1000
795	8	500	0	-24	-2859	1	50	0	1100
796	12	742	1100	24	-6	1	50	50	1000
797	12	1100	742	24	-6	1	50	50	1000
798	12	742	1100	24	-6	1	50	50	1100
799	12	500	742	24	-6	1	50	50	1000
800	8	500	0	24	-2859	1	50	0	1000
801	8	500	0	24	-2859	0	50	0	NA
802	12	742	1100	24	-6	1	50	50	1000
803	12	742	500	24	-6	1	50	50	1100
804	8	742	0	-24	-2859	1	50	0	1100
805	12	742	1100	-24	6	1	50	50	1000
806	8	500	0	-24	-2859	1	50	0	1000
807	8	742	0	-6	-2859	1	50	0	1000
808	8	500	0	24	-2859	1	50	0	1000
809	8	742	0	24	-2859	1	50	0	1100
810	8	1100	0	6	-2859	1	50	0	1100
811	8	1100	0	24	-2859	1	50	0	1000
812	8	1100	0	-6	-2859	1	50	0	1000
813	12	500	742	24	-6	1	50	50	1000
814	8	1100	0	-6	-2859	1	50	0	1100
815	8	1100	0	6	-2859	1	50	0	1000
816	8	1100	0	6	-2859	1	50	0	1100
817	12	742	500	24	-6	1	50	50	1000
818	8	500	0	-6	-2859	1	50	0	1000
819	8	742	0	-6	-2859	1	50	0	1000
820	8	1100	0	24	-2859	1	50	0	1000
821	8	742	0	-6	-2859	1	50	0	1100
822	8	500	0	-24	-2859	1	50	0	1000
823	8	742	0	24	-2859	1	50	0	1000
824	12	742	500	24	-6	1	50	50	1100
825	8	500	0	-6	-2859	1	50	0	1000
826	8	742	0	6	-2859	1	50	0	1000
827	8	742	0	6	-2859	1	50	0	1100
828	12	1100	742	24	-6	1	50	50	1000
829	8	500	0	-6	-2859	1	50	0	1000
830	12	742	1100	24	-6	1	50	50	1100
831	8	500	0	6	-2859	1	50	0	1000
832	8	742	0	6	-2859	1	50	0	1000
833	8	500	0	-24	-2859	1	50	0	1100
834	8	1100	0	-6	-2859	1	50	0	1000
835	8	1100	0	-6	-2859	1	50	0	1100
836	12	500	742	-24	6	0	50	50	1000
837	8	742	0	6	-2859	1	50	0	1000
838	12	742	1100	24	-6	0	50	50	1000
839	12	500	742	-24	6	1	50	50	1100
840	8	1100	0	24	-2859	0	50	0	NA
841	8	1100	0	-6	-2859	0	50	0	NA
842	12	500	742	24	-6	0	50	50	NA
843	8	1100	0	6	-2859	1	50	0	1000
844	8	742	0	24	-2859	1	50	0	1100
845	12	1100	742	-24	6	0	50	50	1000
846	12	742	1100	-24	6	0	50	50	1100
847	12	742	1100	24	-6	0	50	50	1000
848	12	742	1100	-24	6	0	50	50	NA
849	8	742	0	24	-2859	1	50	0	1000
850	12	742	500	-24	6	0	50	50	1100
851	12	500	742	-24	6	1	50	50	1000
852	8	742	0	-6	-2859	1	50	0	1000
853	8	500	0	-6	-2859	0	50	0	1100
854	8	1100	0	-24	-2859	1	50	0	1000
855	8	1100	0	-6	-2859	1	50	0	1100
856	12	500	742	-24	6	1	50	50	1000
857	8	500	0	6	-2859	1	50	0	1000
858	12	742	1100	24	-6	1	50	50	1000
859	12	500	742	-24	6	1	50	50	1100
860	12	1100	742	-24	6	1	50	50	1000
861	8	500	0	6	-2859	1	50	0	1100
862	12	742	1100	-24	6	0	50	50	NA
863	12	742	1100	-24	6	1	50	50	1000
864	12	742	1100	-24	6	0	50	50	NA
865	12	742	500	24	-6	1	50	50	1100
866	12	742	500	-24	6	0	50	50	1000
867	12	500	742	24	-6	0	50	50	1000
868	12	742	500	-24	6	0	50	50	1000
869	8	500	0	-6	-2859	1	50	0	1000
870	12	1100	742	-24	6	0	50	50	1100
871	8	500	0	-24	-2859	1	50	0	1000
872	12	1100	742	-24	6	0	50	50	1100
873	8	742	0	6	-2859	1	50	0	1000
874	12	742	500	-24	6	1	50	50	1100
875	12	500	742	-24	6	1	50	50	1000
876	12	742	500	-24	6	0	50	50	1000
877	8	500	0	24	-2859	0	50	0	NA
878	8	500	0	24	-2859	1	50	0	1100
879	8	1100	0	-24	-2859	1	50	0	1000
880	8	742	0	-6	-2859	1	50	0	1100
881	8	742	0	-24	-2859	1	50	0	1000
882	8	1100	0	6	-2859	1	50	0	1000
883	8	1100	0	24	-2859	1	50	0	1100
884	12	742	1100	24	-6	0	50	50	1000
885	8	742	0	6	-2859	1	50	0	1000
886	8	742	0	6	-2859	1	50	0	1000
887	8	500	0	24	-2859	1	50	0	1000
888	12	1100	742	-24	6	0	50	50	NA
889	8	500	0	-24	-2859	0	50	0	NA
890	8	1100	0	24	-2859	1	50	0	1100
891	12	742	1100	24	-6	1	50	50	1000
892	12	1100	742	-24	6	0	50	50	NA
893	12	500	742	-24	6	0	50	50	1000
894	12	500	742	-24	6	0	50	50	1000
895	12	500	742	24	-6	0	50	50	1100
896	8	742	0	-24	-2859	0	50	0	NA
897	8	500	0	24	-2859	1	50	0	1100
898	12	1100	742	-24	6	1	50	50	1100
899	8	742	0	24	-2859	1	50	0	1000
900	8	1100	0	-24	-2859	1	50	0	1000
901	12	742	1100	24	-6	1	50	50	1000
902	8	1100	0	-24	-2859	1	50	0	1000
903	8	1100	0	6	-2859	1	50	0	1000
904	8	1100	0	6	-2859	1	50	0	1100
905	12	742	1100	-24	6	1	50	50	1100
906	8	742	0	6	-2859	1	50	0	1000
907	8	1100	0	6	-2859	1	50	0	1000
908	8	1100	0	24	-2859	1	50	0	1000
909	12	1100	742	24	-6	0	50	50	NA
910	12	1100	742	-24	6	1	50	50	1000
911	12	742	1100	24	-6	1	50	50	1000
912	8	742	0	6	-2859	1	50	0	1100
913	8	742	0	6	-2859	1	50	0	1100
914	12	742	1100	24	-6	1	50	50	1000
915	12	742	1100	24	-6	1	50	50	1000
916	8	500	0	24	-2859	1	50	0	1000
917	12	742	1100	24	-6	1	50	50	1000
918	12	500	742	-24	6	0	50	50	1100
919	12	500	742	24	-6	0	50	50	NA
920	12	742	1100	24	-6	0	50	50	NA
921	8	500	0	6	-2859	0	50	0	1000
922	8	500	0	24	-2859	1	50	0	1100
923	12	742	500	-24	6	0	50	50	1000
924	12	742	500	-24	6	1	50	50	1100
925	8	742	0	6	-2859	1	50	0	1000
926	12	742	500	-24	6	1	50	50	1000
927	12	500	742	24	-6	1	50	50	1000
928	8	742	0	24	-2859	1	50	0	1000
929	12	742	1100	24	-6	1	50	50	1100
930	8	742	0	-24	-2859	1	50	0	1000
931	8	742	0	-24	-2859	1	50	0	1000
932	8	500	0	-6	-2859	1	50	0	1100
933	8	500	0	-24	-2859	1	50	0	1000
934	12	742	1100	24	-6	1	50	50	1000
935	12	1100	742	24	-6	1	50	50	1000
936	8	1100	0	-24	-2859	1	50	0	1100
937	8	500	0	24	-2859	1	50	0	1000
938	12	500	742	24	-6	1	50	50	1100
939	8	1100	0	6	-2859	1	50	0	1000
940	12	500	742	24	-6	1	50	50	1100
941	8	1100	0	-24	-2859	1	50	0	1000
942	12	1100	742	-24	6	1	50	50	1000
943	8	742	0	6	-2859	1	50	0	1100
944	12	1100	742	24	-6	1	50	50	1000
945	8	742	0	6	-2859	1	50	0	1100
946	12	742	1100	24	-6	1	50	50	1100
947	8	1100	0	-6	-2859	0	50	0	NA
948	8	742	0	24	-2859	0	50	0	NA
949	12	742	1100	24	-6	0	50	50	NA
950	8	500	0	24	-2859	0	50	0	NA
951	8	742	0	6	-2859	1	50	0	1100
952	8	500	0	-6	-2859	0	50	0	1000
953	12	1100	742	-24	6	0	50	50	1000
954	8	500	0	-6	-2859	1	50	0	1000
955	8	1100	0	6	-2859	0	50	0	NA
956	8	1100	0	6	-2859	1	50	0	1000
957	12	742	500	24	-6	1	50	50	1000
958	8	500	0	-6	-2859	1	50	0	1000
959	12	742	1100	-24	6	1	50	50	1100
960	8	500	0	24	-2859	1	50	0	1000
961	12	500	742	24	-6	1	50	50	1100
962	12	1100	742	24	-6	1	50	50	1000
963	8	500	0	-24	-2859	0	50	0	NA
964	8	742	0	-6	-2859	0	50	0	NA
965	8	500	0	6	-2859	1	50	0	1000
966	8	742	0	6	-2859	1	50	0	1100
967	12	742	1100	24	-6	0	50	50	NA
968	8	742	0	-24	-2859	0	50	0	NA
969	8	1100	0	6	-2859	0	50	0	NA
970	12	742	1100	-24	6	0	50	50	NA
971	8	1100	0	24	-2859	0	50	0	NA
972	8	1100	0	24	-2859	0	50	0	NA
973	12	1100	742	24	-6	0	50	50	1000
974	8	500	0	6	-2859	0	50	0	1100
975	8	500	0	-24	-2859	1	50	0	1000
976	12	1100	742	-24	6	1	50	50	1000
977	8	500	0	-24	-2859	0	50	0	NA
978	8	1100	0	-6	-2859	1	50	0	1000
979	8	1100	0	-6	-2859	1	50	0	1100
980	8	1100	0	-24	-2859	0	50	0	NA
981	8	742	0	6	-2859	1	50	0	1100
982	12	742	500	-24	6	1	50	50	1000
983	12	742	500	-24	6	0	50	50	1000
984	12	500	742	24	-6	1	50	50	1100
985	12	500	742	24	-6	0	50	50	1000
986	8	742	0	6	-2859	1	50	0	1000
987	12	742	500	24	-6	1	50	50	1000
988	8	742	0	6	-2859	0	50	0	NA
989	8	500	0	-24	-2859	1	50	0	1100
990	8	500	0	-6	-2859	1	50	0	1100
991	12	1100	742	24	-6	1	50	50	1000
992	12	742	1100	24	-6	1	50	50	1000
993	12	500	742	-24	6	0	50	50	NA
994	8	500	0	-6	-2859	1	50	0	1000
995	12	1100	742	-24	6	1	50	50	1100
996	12	742	500	-24	6	0	50	50	1100
997	8	500	0	6	-2859	1	50	0	1000
998	8	1100	0	24	-2859	0	50	0	NA
999	8	500	0	-24	-2859	1	50	0	1000
1000	8	1100	0	-6	-2859	1	50	0	1100
1001	8	742	0	-24	-2859	1	50	0	1100
1002	8	1100	0	6	-2859	1	50	0	1000
1003	12	742	1100	24	-6	0	50	50	1000
1004	8	742	0	6	-2859	1	50	0	1000
1005	8	742	0	6	-2859	1	50	0	1000
1006	8	1100	0	-24	-2859	1	50	0	1000
1007	8	1100	0	24	-2859	1	50	0	1100
1008	12	742	1100	-24	6	0	50	50	1100
1009	12	742	500	-24	6	1	50	50	1000
1010	12	742	1100	-24	6	1	50	50	1000
1011	8	742	0	6	-2859	1	50	0	1100
1012	12	742	500	-24	6	1	50	50	1100
1013	8	742	0	-24	-2859	1	50	0	1000
1014	12	742	1100	24	-6	1	50	50	1000
1015	8	742	0	6	-2859	1	50	0	1000
1016	12	742	500	-24	6	1	50	50	1000
1017	8	500	0	6	-2859	1	50	0	1100
1018	12	500	742	-24	6	1	50	50	1000
1019	12	742	500	-24	6	1	50	50	1100
1020	8	1100	0	-24	-2859	1	50	0	1000
1021	12	742	1100	-24	6	0	50	50	1000
1022	8	1100	0	-24	-2859	1	50	0	1000
1023	8	500	0	-24	-2859	1	50	0	1000
1024	8	500	0	24	-2859	1	50	0	1000
1025	8	742	0	24	-2859	1	50	0	1100
1026	12	1100	742	24	-6	1	50	50	1100
1027	12	742	1100	24	-6	1	50	50	1000
1028	8	742	0	6	-2859	1	50	0	1000
1029	12	1100	742	24	-6	1	50	50	1000
1030	12	500	742	24	-6	1	50	50	1000
1031	8	500	0	6	-2859	1	50	0	1100
1032	8	500	0	6	-2859	0	50	0	NA
1033	12	742	500	24	-6	0	50	50	NA
1034	8	1100	0	24	-2859	0	50	0	NA
1035	12	500	742	-24	6	0	50	50	NA
1036	12	1100	742	24	-6	0	50	50	NA
1037	8	742	0	6	-2859	0	50	0	NA
1038	8	500	0	24	-2859	1	50	0	1100
1039	12	742	1100	-24	6	1	50	50	1000
1040	12	500	742	-24	6	0	50	50	1000
1041	8	742	0	-24	-2859	1	50	0	1000
1042	12	500	742	24	-6	1	50	50	1000
1043	12	1100	742	24	-6	1	50	50	1000
1044	8	1100	0	-6	-2859	1	50	0	1100
1045	8	1100	0	-24	-2859	0	50	0	1000
1046	12	500	742	-24	6	0	50	50	NA
1047	12	742	500	24	-6	0	50	50	NA
1048	12	500	742	-24	6	0	50	50	1100
1049	8	500	0	24	-2859	0	50	0	NA
1050	8	500	0	6	-2859	0	50	0	NA
1051	8	500	0	24	-2859	0	50	0	NA
1052	12	1100	742	24	-6	0	50	50	NA
1053	12	742	500	24	-6	0	50	50	NA
1054	8	1100	0	-6	-2859	0	50	0	NA
1055	12	1100	742	-24	6	0	50	50	NA
1056	12	742	1100	-24	6	0	50	50	NA
1057	8	500	0	24	-2859	0	50	0	NA
1058	8	1100	0	24	-2859	0	50	0	NA
1059	12	1100	742	-24	6	0	50	50	NA
1060	8	742	0	6	-2859	0	50	0	NA
1061	12	742	500	24	-6	0	50	50	NA
1062	12	1100	742	24	-6	0	50	50	NA
1063	8	1100	0	6	-2859	0	50	0	NA
1064	8	742	0	-24	-2859	0	50	0	NA
1065	8	742	0	6	-2859	0	50	0	NA
1066	12	742	500	24	-6	0	50	50	NA
