1	8	742	0	-24	-2859	0	50	0	NA
2	8	500	0	6	-2859	0	50	0	NA
3	12	742	1632	24	-6	0	50	50	NA
4	12	500	742	-24	6	0	50	50	NA
5	8	1632	0	6	-2859	0	50	0	NA
6	12	500	742	24	-6	0	50	50	1000
7	12	742	500	-24	6	1	50	50	1000
8	12	742	1632	-24	6	1	50	50	1100
9	12	742	1632	24	-6	1	50	50	1000
10	12	742	500	24	-6	1	50	50	1000
11	8	1632	0	24	-2859	0	50	0	NA
12	8	1632	0	6	-2859	1	50	0	1000
13	12	742	1632	-24	6	0	50	50	1000
14	8	742	0	-6	-2859	1	50	0	1000
15	12	500	742	-24	6	1	50	50	1100
16	8	742	0	6	-2859	1	50	0	1000
17	8	500	0	24	-2859	1	50	0	1100
18	8	742	0	6	-2859	1	50	0	1000
19	8	1632	0	-6	-2859	0	50	0	NA
20	12	1632	742	24	-6	1	50	50	1100
21	8	742	0	6	-2859	1	50	0	1100
22	8	1632	0	24	-2859	1	50	0	1000
23	8	500	0	24	-2859	1	50	0	1000
24	12	742	500	24	-6	0	50	50	1000
25	12	500	742	24	-6	0	50	50	NA
26	8	500	0	-6	-2859	1	50	0	1100
27	12	500	742	24	-6	0	50	50	1100
28	8	1632	0	6	-2859	1	50	0	1000
29	12	742	1632	-24	6	1	50	50	1000
30	12	742	500	-24	6	1	50	50	1100
31	12	1632	742	-24	6	1	50	50	1000
32	8	742	0	-24	-2859	0	50	0	1000
33	12	742	1632	24	-6	0	50	50	1000
34	8	742	0	-6	-2859	1	50	0	1100
35	12	742	500	24	-6	1	50	50	1000
36	12	742	500	24	-6	1	50	50	1000
37	12	742	500	24	-6	0	50	50	1000
38	8	1632	0	-24	-2859	0	50	0	NA
39	12	742	500	24	-6	0	50	50	1100
40	8	500	0	24	-2859	1	50	0	1000
41	8	742	0	-24	-2859	1	50	0	1100
42	12	1632	742	24	-6	1	50	50	1000
43	12	742	500	24	-6	1	50	50	1000
44	8	500	0	-6	-2859	1	50	0	1100
45	12	500	742	24	-6	1	50	50	1000
46	8	742	0	6	-2859	1	50	0	1100
47	8	500	0	-6	-2859	1	50	0	1000
48	12	742	1632	-24	6	1	50	50	1100
49	8	1632	0	24	-2859	1	50	0	1000
50	8	1632	0	24	-2859	1	50	0	1000
51	8	500	0	-6	-2859	1	50	0	1100
52	8	500	0	-6	-2859	1	50	0	1000
53	12	500	742	24	-6	0	50	50	1000
54	8	1632	0	-6	-2859	1	50	0	1000
55	8	742	0	-24	-2859	1	50	0	1100
56	12	500	742	24	-6	1	50	50	1000
57	8	500	0	-24	-2859	1	50	0	1100
58	8	742	0	6	-2859	1	50	0	1000
59	8	1632	0	24	-2859	1	50	0	1000
60	8	742	0	6	-2859	1	50	0	1100
61	12	1632	742	24	-6	1	50	50	1000
62	8	500	0	-6	-2859	1	50	0	1100
63	8	1632	0	-6	-2859	0	50	0	NA
64	12	500	742	-24	6	1	50	50	1000
65	12	1632	742	-24	6	1	50	50	1000
66	12	742	1632	24	-6	1	50	50	1100
67	8	500	0	24	-2859	1	50	0	1000
68	8	500	0	-6	-2859	1	50	0	1100
69	12	500	742	-24	6	1	50	50	1000
70	12	1632	742	-24	6	1	50	50	1000
71	12	500	742	24	-6	0	50	50	1000
72	8	1632	0	-24	-2859	0	50	0	NA
73	12	1632	742	24	-6	1	50	50	1100
74	12	500	742	24	-6	0	50	50	1100
75	12	500	742	24	-6	1	50	50	1000
76	8	500	0	6	-2859	1	50	0	1000
77	8	1632	0	24	-2859	0	50	0	NA
78	8	1632	0	-24	-2859	0	50	0	NA
79	8	500	0	24	-2859	1	50	0	1000
80	8	742	0	6	-2859	1	50	0	1100
81	8	742	0	-6	-2859	1	50	0	1000
82	8	742	0	-24	-2859	1	50	0	1000
83	12	742	500	24	-6	1	50	50	1100
84	8	1632	0	6	-2859	1	50	0	1000
85	8	1632	0	6	-2859	1	50	0	1000
86	12	742	1632	24	-6	1	50	50	1100
87	12	500	742	-24	6	1	50	50	1100
88	12	500	742	-24	6	0	50	50	1000
89	12	742	1632	-24	6	0	50	50	NA
90	12	742	500	24	-6	1	50	50	1000
91	12	742	1632	-24	6	1	50	50	1000
92	8	742	0	-6	-2859	0	50	0	1000
93	8	1632	0	-6	-2859	1	50	0	1100
94	12	742	500	-24	6	1	50	50	1000
95	8	1632	0	6	-2859	1	50	0	1100
96	8	500	0	6	-2859	1	50	0	1000
97	12	1632	742	-24	6	1	50	50	1100
98	8	500	0	-6	-2859	1	50	0	1000
99	12	742	500	-24	6	0	50	50	1100
100	8	742	0	-6	-2859	0	50	0	NA
101	8	500	0	6	-2859	1	50	0	1000
102	8	742	0	24	-2859	1	50	0	1100
103	12	742	500	24	-6	1	50	50	1100
104	8	742	0	6	-2859	1	50	0	1000
105	8	742	0	-6	-2859	0	50	0	NA
106	8	500	0	24	-2859	1	50	0	1000
107	12	742	500	24	-6	1	50	50	1000
108	12	500	742	-24	6	0	50	50	NA
109	12	742	1632	-24	6	0	50	50	1000
110	8	1632	0	-6	-2859	1	50	0	1000
111	8	1632	0	-24	-2859	1	50	0	1100
112	12	500	742	24	-6	1	50	50	1000
113	8	742	0	6	-2859	0	50	0	NA
114	12	742	1632	24	-6	1	50	50	1100
115	12	500	742	-24	6	0	50	50	1000
116	8	742	0	-6	-2859	1	50	0	1000
117	8	1632	0	-6	-2859	0	50	0	NA
118	12	1632	742	-24	6	0	50	50	NA
119	8	500	0	-24	-2859	1	50	0	1100
120	8	500	0	-6	-2859	1	50	0	1000
121	12	742	1632	24	-6	0	50	50	NA
122	12	742	500	24	-6	1	50	50	1000
123	12	742	1632	24	-6	0	50	50	NA
124	8	1632	0	24	-2859	1	50	0	1000
125	12	1632	742	-24	6	1	50	50	1100
126	8	1632	0	24	-2859	1	50	0	1100
127	8	742	0	24	-2859	1	50	0	1000
128	8	500	0	-6	-2859	1	50	0	1000
129	8	1632	0	-6	-2859	1	50	0	1100
130	12	1632	742	-24	6	0	50	50	1000
131	8	1632	0	6	-2859	1	50	0	1000
132	12	1632	742	-24	6	1	50	50	1000
133	12	500	742	-24	6	0	50	50	NA
134	12	500	742	24	-6	1	50	50	1000
135	12	1632	742	24	-6	1	50	50	1000
136	8	742	0	24	-2859	1	50	0	1100
137	8	500	0	6	-2859	1	50	0	1100
138	8	500	0	-24	-2859	1	50	0	1000
139	12	742	500	24	-6	0	50	50	NA
140	12	742	1632	24	-6	1	50	50	1000
141	12	742	1632	24	-6	1	50	50	1000
142	12	1632	742	24	-6	0	50	50	1100
143	8	742	0	-24	-2859	0	50	0	1100
144	12	1632	742	-24	6	0	50	50	1000
145	12	1632	742	24	-6	0	50	50	1100
146	12	1632	742	-24	6	0	50	50	1100
147	8	742	0	24	-2859	1	50	0	1000
148	12	742	1632	24	-6	1	50	50	1000
149	12	500	742	24	-6	0	50	50	1000
150	8	742	0	-6	-2859	1	50	0	1000
151	8	742	0	6	-2859	1	50	0	1000
152	8	742	0	24	-2859	1	50	0	1000
153	12	742	1632	-24	6	0	50	50	1100
154	8	1632	0	-24	-2859	0	50	0	1000
155	8	500	0	-24	-2859	1	50	0	1100
156	12	742	1632	24	-6	1	50	50	1000
157	8	500	0	-24	-2859	1	50	0	1000
158	8	1632	0	24	-2859	1	50	0	1000
159	12	742	500	24	-6	1	50	50	1100
160	8	1632	0	24	-2859	1	50	0	1100
161	8	500	0	-24	-2859	0	50	0	1000
162	12	742	1632	24	-6	1	50	50	1000
163	8	742	0	6	-2859	1	50	0	1100
164	12	742	1632	24	-6	1	50	50	1100
165	8	742	0	-24	-2859	1	50	0	1000
166	12	1632	742	-24	6	1	50	50	1000
167	12	742	500	24	-6	1	50	50	1000
168	8	742	0	-24	-2859	1	50	0	1000
169	8	1632	0	-6	-2859	1	50	0	1000
170	12	742	1632	24	-6	0	50	50	1000
171	8	1632	0	24	-2859	1	50	0	1100
172	12	1632	742	-24	6	1	50	50	1100
173	8	742	0	6	-2859	1	50	0	1000
174	8	1632	0	24	-2859	0	50	0	NA
175	8	500	0	-6	-2859	1	50	0	1000
176	8	500	0	-24	-2859	0	50	0	1000
177	12	1632	742	24	-6	1	50	50	1100
178	8	500	0	-6	-2859	1	50	0	1000
179	12	500	742	24	-6	0	50	50	1000
180	8	742	0	6	-2859	1	50	0	1000
181	8	742	0	-6	-2859	1	50	0	1100
182	12	1632	742	24	-6	0	50	50	NA
183	12	1632	742	-24	6	1	50	50	1000
184	12	1632	742	24	-6	1	50	50	1000
185	8	1632	0	24	-2859	1	50	0	1100
186	12	742	500	-24	6	0	50	50	NA
187	12	1632	742	-24	6	1	50	50	1000
188	12	742	500	24	-6	1	50	50	1000
189	8	742	0	24	-2859	1	50	0	1000
190	12	1632	742	-24	6	1	50	50	1000
191	12	1632	742	-24	6	1	50	50	1100
192	12	742	500	-24	6	1	50	50	1100
193	8	500	0	6	-2859	1	50	0	1000
194	8	500	0	6	-2859	1	50	0	1000
195	8	500	0	-6	-2859	1	50	0	1000
196	8	1632	0	6	-2859	1	50	0	1000
197	8	1632	0	-24	-2859	1	50	0	1100
198	8	742	0	24	-2859	1	50	0	1000
199	12	742	1632	-24	6	0	50	50	1000
200	8	1632	0	-24	-2859	0	50	0	NA
201	12	742	500	-24	6	1	50	50	1100
202	8	1632	0	-6	-2859	1	50	0	1000
203	8	742	0	-24	-2859	1	50	0	1000
204	12	742	1632	24	-6	1	50	50	1000
205	8	1632	0	-24	-2859	1	50	0	1000
206	12	742	1632	-24	6	0	50	50	1000
207	12	742	500	24	-6	0	50	50	NA
208	12	742	1632	24	-6	1	50	50	1100
209	8	1632	0	6	-2859	0	50	0	NA
210	12	1632	742	24	-6	1	50	50	1000
211	12	500	742	24	-6	1	50	50	1000
212	8	500	0	-24	-2859	1	50	0	1100
213	8	500	0	6	-2859	0	50	0	NA
214	12	1632	742	-24	6	0	50	50	1000
215	8	742	0	-6	-2859	1	50	0	1100
216	12	500	742	24	-6	1	50	50	1000
217	8	500	0	-6	-2859	1	50	0	1000
218	12	742	1632	-24	6	1	50	50	1100
219	12	742	500	24	-6	1	50	50	1000
220	12	500	742	24	-6	1	50	50	1100
221	12	742	1632	-24	6	1	50	50	1000
222	12	1632	742	24	-6	1	50	50	1100
223	8	742	0	-24	-2859	1	50	0	1000
224	12	1632	742	24	-6	1	50	50	1000
225	8	1632	0	-24	-2859	1	50	0	1000
226	8	1632	0	-6	-2859	1	50	0	1100
227	8	1632	0	24	-2859	1	50	0	1000
228	8	1632	0	-24	-2859	0	50	0	NA
229	12	500	742	24	-6	0	50	50	NA
230	12	742	1632	-24	6	0	50	50	NA
231	8	500	0	-6	-2859	1	50	0	1000
232	8	742	0	-24	-2859	1	50	0	1000
233	12	742	1632	24	-6	1	50	50	1100
234	12	742	500	24	-6	1	50	50	1000
235	8	742	0	24	-2859	0	50	0	NA
236	12	742	1632	-24	6	1	50	50	1000
237	12	742	1632	-24	6	1	50	50	1100
238	12	742	1632	24	-6	1	50	50	1000
239	12	1632	742	-24	6	1	50	50	1100
240	8	742	0	6	-2859	1	50	0	1000
241	12	742	1632	24	-6	0	50	50	1000
242	12	742	500	-24	6	0	50	50	1100
243	12	742	1632	-24	6	1	50	50	1000
244	8	500	0	-6	-2859	1	50	0	1100
245	8	500	0	6	-2859	1	50	0	1000
246	12	742	1632	-24	6	1	50	50	1100
247	12	742	500	-24	6	1	50	50	1000
248	12	500	742	-24	6	0	50	50	1000
249	12	742	500	24	-6	0	50	50	NA
250	12	742	1632	24	-6	1	50	50	1100
251	8	1632	0	24	-2859	1	50	0	1000
252	12	742	500	24	-6	1	50	50	1000
253	12	742	1632	-24	6	1	50	50	1000
254	8	1632	0	24	-2859	1	50	0	1100
255	8	1632	0	6	-2859	1	50	0	1000
256	12	742	500	-24	6	1	50	50	1000
257	12	1632	742	24	-6	0	50	50	1100
258	8	1632	0	6	-2859	1	50	0	1000
259	12	1632	742	24	-6	1	50	50	1100
260	8	742	0	-24	-2859	1	50	0	1100
261	12	742	500	-24	6	1	50	50	1000
262	8	742	0	6	-2859	1	50	0	1000
263	12	500	742	-24	6	1	50	50	1000
264	8	500	0	6	-2859	1	50	0	1000
265	8	500	0	24	-2859	1	50	0	1000
266	12	1632	742	-24	6	0	50	50	1000
267	8	742	0	6	-2859	1	50	0	1100
268	12	500	742	-24	6	1	50	50	1000
269	12	742	1632	24	-6	1	50	50	1100
270	8	500	0	-24	-2859	0	50	0	1100
271	12	742	1632	24	-6	1	50	50	1000
272	12	500	742	-24	6	0	50	50	1000
273	12	1632	742	-24	6	0	50	50	1100
274	8	1632	0	-6	-2859	1	50	0	1000
275	12	1632	742	24	-6	1	50	50	1000
276	12	500	742	-24	6	1	50	50	1000
277	8	1632	0	6	-2859	1	50	0	1100
278	8	500	0	6	-2859	1	50	0	1000
279	12	1632	742	24	-6	1	50	50	1000
280	12	1632	742	-24	6	0	50	50	1000
281	8	742	0	-6	-2859	1	50	0	1100
282	12	1632	742	-24	6	1	50	50	1000
283	12	1632	742	-24	6	0	50	50	NA
284	8	742	0	-24	-2859	0	50	0	NA
285	12	742	1632	24	-6	0	50	50	NA
286	12	742	1632	24	-6	0	50	50	NA
287	12	500	742	24	-6	0	50	50	NA
288	8	1632	0	-6	-2859	0	50	0	NA
289	12	1632	742	24	-6	0	50	50	NA
290	12	500	742	24	-6	0	50	50	NA
291	12	500	742	-24	6	0	50	50	NA
292	8	1632	0	-6	-2859	0	50	0	NA
293	12	742	1632	24	-6	1	50	50	1000
294	8	742	0	-24	-2859	1	50	0	1000
295	12	1632	742	24	-6	1	50	50	1100
296	12	742	1632	-24	6	0	50	50	1100
297	12	1632	742	-24	6	0	50	50	1000
298	8	500	0	-24	-2859	0	50	0	NA
299	8	500	0	-24	-2859	0	50	0	NA
300	8	1632	0	6	-2859	0	50	0	NA
301	8	1632	0	-6	-2859	1	50	0	1100
302	8	742	0	-24	-2859	1	50	0	1000
303	12	500	742	-24	6	0	50	50	1000
304	8	742	0	-24	-2859	1	50	0	1000
305	12	1632	742	24	-6	0	50	50	NA
306	12	1632	742	24	-6	0	50	50	1100
307	8	500	0	24	-2859	1	50	0	1000
308	12	500	742	-24	6	1	50	50	1100
309	8	1632	0	-24	-2859	0	50	0	1000
310	8	500	0	-6	-2859	0	50	0	1000
311	12	500	742	24	-6	1	50	50	1000
312	12	742	1632	-24	6	1	50	50	1100
313	12	742	1632	-24	6	1	50	50	1100
314	12	1632	742	-24	6	1	50	50	1000
315	12	500	742	24	-6	1	50	50	1000
316	12	1632	742	24	-6	0	50	50	1000
317	12	500	742	24	-6	1	50	50	1000
318	8	500	0	-24	-2859	1	50	0	1000
319	8	1632	0	6	-2859	1	50	0	1000
320	8	742	0	-6	-2859	1	50	0	1000
321	12	742	500	24	-6	0	50	50	1100
322	12	1632	742	24	-6	1	50	50	1000
323	8	1632	0	24	-2859	1	50	0	1100
324	8	1632	0	-6	-2859	0	50	0	1000
325	8	742	0	-6	-2859	0	50	0	NA
326	12	500	742	24	-6	0	50	50	1100
327	8	500	0	6	-2859	0	50	0	1100
328	8	1632	0	6	-2859	0	50	0	NA
329	8	1632	0	24	-2859	1	50	0	1000
330	12	742	1632	24	-6	1	50	50	1000
331	8	742	0	-6	-2859	0	50	0	1100
332	12	742	500	24	-6	1	50	50	1100
333	8	500	0	-6	-2859	0	50	0	1000
334	8	500	0	-24	-2859	1	50	0	1000
335	12	500	742	24	-6	0	50	50	1000
336	12	1632	742	24	-6	0	50	50	NA
337	12	742	500	-24	6	1	50	50	1100
338	12	742	1632	-24	6	0	50	50	NA
339	8	742	0	24	-2859	0	50	0	NA
340	8	500	0	-6	-2859	0	50	0	NA
341	12	1632	742	-24	6	0	50	50	1000
342	8	500	0	-24	-2859	0	50	0	1000
343	12	742	500	24	-6	0	50	50	NA
344	12	1632	742	-24	6	0	50	50	NA
345	12	742	500	24	-6	0	50	50	NA
346	12	742	1632	24	-6	0	50	50	1100
347	8	1632	0	-24	-2859	0	50	0	NA
348	12	1632	742	24	-6	0	50	50	NA
349	8	500	0	6	-2859	0	50	0	NA
350	12	1632	742	24	-6	0	50	50	NA
351	12	742	500	-24	6	0	50	50	NA
352	12	500	742	-24	6	0	50	50	NA
353	8	500	0	24	-2859	0	50	0	1000
354	8	742	0	24	-2859	0	50	0	NA
355	12	742	1632	24	-6	0	50	50	1100
356	8	742	0	-24	-2859	0	50	0	NA
357	12	500	742	24	-6	0	50	50	1000
358	8	742	0	24	-2859	0	50	0	1000
359	8	1632	0	6	-2859	0	50	0	NA
360	12	1632	742	-24	6	0	50	50	NA
361	12	742	500	24	-6	0	50	50	NA
362	8	1632	0	-6	-2859	0	50	0	NA
363	12	742	1632	-24	6	0	50	50	1000
364	12	742	500	24	-6	0	50	50	NA
365	8	500	0	24	-2859	0	50	0	1000
366	12	1632	742	-24	6	0	50	50	1000
367	12	742	1632	24	-6	0	50	50	1000
368	8	500	0	6	-2859	0	50	0	1100
369	8	1632	0	-6	-2859	0	50	0	NA
370	8	742	0	-6	-2859	0	50	0	NA
371	8	500	0	-6	-2859	0	50	0	1000
372	8	742	0	-6	-2859	0	50	0	NA
373	12	500	742	-24	6	0	50	50	NA
374	12	1632	742	24	-6	0	50	50	1000
375	8	1632	0	-6	-2859	0	50	0	NA
376	12	500	742	24	-6	0	50	50	NA
377	8	742	0	-6	-2859	0	50	0	NA
378	12	742	1632	24	-6	0	50	50	NA
379	8	500	0	-24	-2859	0	50	0	NA
380	12	742	500	24	-6	0	50	50	NA
381	12	742	1632	24	-6	0	50	50	NA
382	8	1632	0	-6	-2859	0	50	0	NA
383	8	500	0	6	-2859	0	50	0	NA
384	12	742	500	-24	6	0	50	50	NA
385	12	742	1632	-24	6	0	50	50	NA
386	12	742	1632	24	-6	0	50	50	NA
387	8	500	0	6	-2859	0	50	0	NA
388	8	500	0	24	-2859	0	50	0	NA
389	8	742	0	-24	-2859	0	50	0	NA
390	8	742	0	-24	-2859	0	50	0	NA
391	8	742	0	-6	-2859	0	50	0	NA
392	12	1632	742	24	-6	0	50	50	NA
393	8	500	0	24	-2859	0	50	0	NA
394	12	500	742	-24	6	0	50	50	NA
395	12	742	1632	-24	6	0	50	50	NA
396	8	1632	0	24	-2859	0	50	0	NA
397	8	1632	0	-6	-2859	0	50	0	NA
398	12	1632	742	-24	6	0	50	50	NA
399	12	742	1632	-24	6	0	50	50	NA
400	8	1632	0	-6	-2859	0	50	0	NA
401	12	742	500	24	-6	1	50	50	1000
402	8	1632	0	-24	-2859	0	50	0	1000
403	12	742	1632	-24	6	0	50	50	NA
404	8	1632	0	-24	-2859	0	50	0	NA
405	12	500	742	24	-6	0	50	50	NA
406	12	742	500	24	-6	0	50	50	NA
407	12	1632	742	24	-6	0	50	50	NA
408	12	500	742	-24	6	0	50	50	NA
409	8	1632	0	-6	-2859	0	50	0	NA
410	12	742	1632	-24	6	0	50	50	NA
411	12	742	1632	-24	6	0	50	50	NA
412	12	742	500	-24	6	0	50	50	NA
413	12	742	1632	24	-6	0	50	50	NA
414	8	500	0	24	-2859	0	50	0	NA
415	8	1632	0	24	-2859	0	50	0	NA
416	8	742	0	6	-2859	0	50	0	NA
417	12	742	500	-24	6	0	50	50	NA
418	12	742	500	-24	6	0	50	50	NA
419	8	742	0	24	-2859	0	50	0	NA
420	12	500	742	-24	6	0	50	50	NA
421	8	500	0	-24	-2859	0	50	0	NA
422	12	1632	742	24	-6	0	50	50	NA
423	12	742	1632	24	-6	0	50	50	1000
424	8	500	0	-24	-2859	0	50	0	NA
425	8	742	0	24	-2859	0	50	0	NA
426	8	500	0	-24	-2859	0	50	0	NA
427	8	500	0	-6	-2859	0	50	0	NA
428	12	500	742	24	-6	0	50	50	NA
429	8	742	0	6	-2859	0	50	0	NA
430	12	742	1632	-24	6	0	50	50	1100
431	8	742	0	-6	-2859	0	50	0	NA
432	8	500	0	-24	-2859	0	50	0	NA
433	8	500	0	-6	-2859	0	50	0	NA
434	8	1632	0	-6	-2859	0	50	0	NA
435	8	742	0	24	-2859	0	50	0	NA
436	12	1632	742	-24	6	0	50	50	NA
437	12	1632	742	-24	6	0	50	50	NA
438	12	742	500	24	-6	0	50	50	NA
439	8	1632	0	-6	-2859	0	50	0	NA
440	8	1632	0	6	-2859	0	50	0	NA
