1	8	609	0	-6	-2859	1	50	0	1000
2	12	742	500	24	-6	1	50	50	1000
3	12	742	500	-24	6	1	50	50	1100
4	12	742	609	24	-6	0	50	50	NA
5	12	742	609	-24	6	0	50	50	NA
6	12	500	742	24	-6	1	50	50	1100
7	12	742	609	-24	6	0	50	50	1000
8	8	742	0	-24	-2859	1	50	0	1000
9	8	500	0	24	-2859	1	50	0	1100
10	8	500	0	6	-2859	1	50	0	1000
11	8	742	0	24	-2859	1	50	0	1000
12	8	742	0	6	-2859	1	50	0	1100
13	12	500	742	24	-6	1	50	50	1000
14	8	609	0	24	-2859	1	50	0	1000
15	12	609	742	24	-6	1	50	50	1000
16	12	609	742	24	-6	1	50	50	1100
17	8	609	0	-6	-2859	0	50	0	NA
18	8	742	0	-24	-2859	1	50	0	1000
19	8	500	0	24	-2859	1	50	0	1100
20	8	609	0	6	-2859	1	50	0	1000
21	8	742	0	-24	-2859	1	50	0	1100
22	12	742	500	-24	6	0	50	50	1000
23	12	609	742	-24	6	1	50	50	1000
24	8	742	0	6	-2859	1	50	0	1100
25	8	609	0	24	-2859	1	50	0	1000
26	12	609	742	-24	6	1	50	50	1000
27	12	742	500	24	-6	1	50	50	1000
28	12	500	742	24	-6	1	50	50	1000
29	12	609	742	24	-6	1	50	50	1100
30	8	500	0	24	-2859	1	50	0	1000
31	12	609	742	24	-6	1	50	50	1100
32	12	742	500	-24	6	1	50	50	1100
33	8	500	0	24	-2859	0	50	0	1000
34	12	500	742	-24	6	1	50	50	1000
35	8	500	0	6	-2859	0	50	0	NA
36	8	500	0	-24	-2859	1	50	0	1000
37	12	609	742	-24	6	1	50	50	1100
38	8	500	0	24	-2859	1	50	0	1000
39	8	609	0	24	-2859	1	50	0	1000
40	12	609	742	24	-6	1	50	50	1100
41	8	742	0	-6	-2859	1	50	0	1000
42	8	609	0	-24	-2859	1	50	0	1000
43	8	500	0	-24	-2859	1	50	0	1000
44	12	742	609	-24	6	0	50	50	NA
45	8	742	0	-24	-2859	1	50	0	1100
46	12	500	742	24	-6	1	50	50	1000
47	8	742	0	24	-2859	1	50	0	1000
48	8	609	0	-6	-2859	1	50	0	1100
49	8	500	0	6	-2859	1	50	0	1100
50	8	500	0	24	-2859	1	50	0	1000
51	8	500	0	24	-2859	1	50	0	1000
52	8	609	0	6	-2859	1	50	0	1000
53	8	742	0	24	-2859	1	50	0	1000
54	8	609	0	6	-2859	1	50	0	1000
55	12	500	742	24	-6	1	50	50	1000
56	8	500	0	-24	-2859	1	50	0	1100
57	8	742	0	-6	-2859	0	50	0	NA
58	8	742	0	6	-2859	0	50	0	NA
59	8	609	0	-6	-2859	0	50	0	1100
60	12	742	500	-24	6	1	50	50	1000
61	8	500	0	24	-2859	0	50	0	NA
62	12	609	742	24	-6	0	50	50	NA
63	12	742	609	24	-6	0	50	50	NA
64	8	500	0	-6	-2859	0	50	0	NA
65	8	609	0	-24	-2859	1	50	0	1100
66	8	500	0	6	-2859	0	50	0	NA
67	8	742	0	24	-2859	1	50	0	1000
68	8	500	0	-6	-2859	1	50	0	1000
69	8	609	0	-6	-2859	1	50	0	1000
70	8	609	0	-24	-2859	1	50	0	1000
71	8	742	0	6	-2859	1	50	0	1100
72	12	742	609	-24	6	0	50	50	1000
73	8	742	0	24	-2859	1	50	0	1100
74	12	742	609	24	-6	1	50	50	1000
75	12	742	500	24	-6	0	50	50	1000
76	8	500	0	24	-2859	1	50	0	1100
77	8	500	0	-6	-2859	1	50	0	1000
78	12	742	609	24	-6	1	50	50	1000
79	12	742	500	24	-6	1	50	50	1100
80	8	609	0	6	-2859	1	50	0	1000
81	12	500	742	24	-6	0	50	50	1100
82	8	609	0	-24	-2859	1	50	0	1000
83	8	500	0	6	-2859	1	50	0	1000
84	8	742	0	24	-2859	1	50	0	1100
85	8	609	0	24	-2859	1	50	0	1000
86	8	500	0	-24	-2859	0	50	0	1100
87	12	609	742	-24	6	0	50	50	NA
88	8	742	0	6	-2859	1	50	0	1000
89	8	742	0	-24	-2859	0	50	0	NA
90	8	500	0	24	-2859	1	50	0	1000
91	12	742	609	24	-6	1	50	50	1100
92	8	500	0	-24	-2859	1	50	0	1100
93	12	609	742	-24	6	1	50	50	1000
94	8	609	0	-24	-2859	0	50	0	NA
95	12	742	609	24	-6	0	50	50	1000
96	12	742	500	-24	6	0	50	50	1000
97	8	742	0	24	-2859	1	50	0	1000
98	12	742	609	24	-6	1	50	50	1000
99	12	500	742	-24	6	1	50	50	1000
100	8	742	0	-24	-2859	1	50	0	1100
101	12	609	742	-24	6	0	50	50	1100
102	8	609	0	6	-2859	1	50	0	1000
103	8	742	0	24	-2859	1	50	0	1000
104	12	742	500	-24	6	0	50	50	1100
105	12	742	500	24	-6	1	50	50	1000
106	12	742	500	24	-6	0	50	50	1000
107	8	500	0	24	-2859	1	50	0	1100
108	8	609	0	6	-2859	1	50	0	1100
109	8	500	0	-6	-2859	1	50	0	1000
110	8	609	0	24	-2859	1	50	0	1100
111	8	609	0	-6	-2859	1	50	0	1000
112	8	609	0	-6	-2859	1	50	0	1000
113	12	609	742	-24	6	1	50	50	1000
114	12	609	742	-24	6	1	50	50	1100
115	12	609	742	24	-6	1	50	50	1000
116	12	742	609	-24	6	1	50	50	1000
117	12	609	742	-24	6	0	50	50	NA
118	8	742	0	6	-2859	1	50	0	1000
119	8	609	0	-6	-2859	1	50	0	1100
120	8	500	0	-24	-2859	1	50	0	1000
121	8	742	0	-24	-2859	0	50	0	1000
122	8	742	0	6	-2859	1	50	0	1000
123	8	500	0	24	-2859	1	50	0	1000
124	8	500	0	6	-2859	0	50	0	NA
125	8	609	0	6	-2859	1	50	0	1100
126	12	742	609	24	-6	0	50	50	1000
127	12	609	742	24	-6	1	50	50	1000
128	8	609	0	24	-2859	1	50	0	1100
129	8	609	0	-6	-2859	1	50	0	1000
130	12	742	500	24	-6	1	50	50	1100
131	12	609	742	-24	6	0	50	50	1000
132	12	609	742	24	-6	1	50	50	1000
133	8	500	0	24	-2859	1	50	0	1100
134	12	742	500	24	-6	1	50	50	1000
135	12	500	742	-24	6	0	50	50	1100
136	12	609	742	24	-6	1	50	50	1000
137	8	609	0	-6	-2859	1	50	0	1000
138	12	500	742	-24	6	0	50	50	1000
139	8	500	0	24	-2859	1	50	0	1000
140	12	500	742	-24	6	1	50	50	1100
141	8	500	0	-6	-2859	1	50	0	1000
142	12	609	742	-24	6	0	50	50	1000
143	12	609	742	-24	6	0	50	50	1100
144	12	500	742	-24	6	0	50	50	1000
145	8	742	0	6	-2859	1	50	0	1000
146	12	742	500	-24	6	0	50	50	1100
147	8	742	0	24	-2859	1	50	0	1100
148	8	742	0	-6	-2859	1	50	0	1000
149	12	742	609	-24	6	0	50	50	1000
150	12	742	609	24	-6	1	50	50	1100
151	12	742	500	24	-6	0	50	50	1000
152	12	742	609	24	-6	1	50	50	1000
153	8	500	0	-6	-2859	1	50	0	1000
154	8	500	0	-6	-2859	1	50	0	1000
155	8	742	0	-6	-2859	1	50	0	1100
156	8	742	0	24	-2859	1	50	0	1000
157	8	609	0	-6	-2859	1	50	0	1000
158	8	609	0	24	-2859	1	50	0	1000
159	8	609	0	6	-2859	1	50	0	1100
160	8	500	0	-6	-2859	1	50	0	1000
161	8	500	0	6	-2859	0	50	0	NA
162	8	742	0	-6	-2859	1	50	0	1000
163	12	742	500	24	-6	1	50	50	1000
164	12	500	742	-24	6	0	50	50	1000
165	8	500	0	6	-2859	1	50	0	1100
166	12	609	742	24	-6	1	50	50	1000
167	8	500	0	24	-2859	1	50	0	1100
168	12	742	609	-24	6	0	50	50	1000
169	12	742	609	24	-6	1	50	50	1000
170	8	742	0	6	-2859	1	50	0	1100
171	12	609	742	24	-6	1	50	50	1100
172	8	742	0	24	-2859	1	50	0	1000
173	12	742	500	24	-6	1	50	50	1000
174	12	742	500	-24	6	1	50	50	1100
175	8	742	0	6	-2859	1	50	0	1000
176	12	609	742	24	-6	0	50	50	1000
177	12	500	742	24	-6	1	50	50	1000
178	8	500	0	6	-2859	0	50	0	1100
179	8	500	0	-6	-2859	1	50	0	1000
180	12	500	742	24	-6	1	50	50	1000
181	12	609	742	24	-6	1	50	50	1000
182	8	609	0	-6	-2859	1	50	0	1100
183	8	609	0	6	-2859	0	50	0	1100
184	12	742	609	-24	6	0	50	50	1000
185	12	609	742	24	-6	0	50	50	1000
186	8	609	0	24	-2859	1	50	0	1000
187	12	742	609	-24	6	1	50	50	1100
188	12	742	609	-24	6	0	50	50	1000
189	8	609	0	24	-2859	1	50	0	1100
190	12	609	742	-24	6	0	50	50	1000
191	12	742	500	-24	6	1	50	50	1000
192	12	609	742	-24	6	1	50	50	1100
193	8	609	0	6	-2859	1	50	0	1100
194	12	500	742	24	-6	0	50	50	1000
195	12	742	609	24	-6	1	50	50	1000
196	12	742	500	-24	6	1	50	50	1000
197	8	609	0	-24	-2859	1	50	0	1000
198	12	609	742	24	-6	0	50	50	1100
199	12	609	742	-24	6	0	50	50	NA
200	12	609	742	-24	6	0	50	50	1000
201	12	609	742	-24	6	1	50	50	1000
202	12	742	609	24	-6	1	50	50	1000
203	12	742	609	24	-6	1	50	50	1100
204	12	500	742	24	-6	0	50	50	1100
205	8	742	0	6	-2859	1	50	0	1000
206	12	742	500	-24	6	1	50	50	1000
207	8	500	0	6	-2859	1	50	0	1000
208	12	742	609	-24	6	0	50	50	1100
209	8	742	0	-6	-2859	1	50	0	1000
210	8	742	0	-24	-2859	1	50	0	1100
211	12	742	500	24	-6	0	50	50	1000
212	8	500	0	6	-2859	0	50	0	1000
213	8	609	0	-24	-2859	0	50	0	NA
214	8	500	0	-24	-2859	0	50	0	NA
215	12	609	742	-24	6	0	50	50	1000
216	12	742	609	24	-6	0	50	50	NA
217	12	742	609	24	-6	0	50	50	1000
218	12	609	742	24	-6	0	50	50	NA
219	8	609	0	-24	-2859	0	50	0	1100
220	8	609	0	-24	-2859	0	50	0	1100
221	12	742	500	-24	6	0	50	50	1000
222	12	500	742	24	-6	0	50	50	NA
223	12	742	609	-24	6	0	50	50	1000
224	12	742	500	-24	6	0	50	50	1000
225	8	500	0	6	-2859	0	50	0	NA
226	12	500	742	-24	6	0	50	50	NA
227	8	742	0	-6	-2859	0	50	0	NA
228	12	500	742	24	-6	0	50	50	NA
229	12	500	742	-24	6	0	50	50	NA
230	12	742	500	24	-6	0	50	50	NA
231	8	500	0	24	-2859	0	50	0	NA
232	12	609	742	24	-6	0	50	50	NA
233	12	609	742	24	-6	0	50	50	NA
234	12	742	500	24	-6	0	50	50	NA
235	12	742	609	24	-6	0	50	50	NA
236	8	500	0	6	-2859	0	50	0	NA
237	8	742	0	-6	-2859	0	50	0	NA
238	8	609	0	6	-2859	0	50	0	NA
239	8	609	0	24	-2859	0	50	0	NA
240	8	742	0	-6	-2859	0	50	0	NA
241	8	500	0	-6	-2859	0	50	0	NA
242	12	742	500	-24	6	0	50	50	NA
243	8	500	0	24	-2859	0	50	0	NA
244	8	500	0	-6	-2859	0	50	0	NA
245	8	500	0	-6	-2859	0	50	0	NA
246	12	742	500	24	-6	0	50	50	NA
247	12	500	742	-24	6	0	50	50	NA
248	8	742	0	-6	-2859	0	50	0	NA
249	12	742	609	-24	6	0	50	50	NA
250	8	609	0	24	-2859	0	50	0	NA
251	12	500	742	24	-6	0	50	50	NA
252	8	609	0	-24	-2859	0	50	0	NA
253	12	742	609	-24	6	0	50	50	NA
254	12	609	742	-24	6	0	50	50	NA
255	8	609	0	24	-2859	0	50	0	1000
256	8	742	0	24	-2859	0	50	0	NA
257	8	742	0	-24	-2859	0	50	0	NA
258	8	609	0	-6	-2859	0	50	0	NA
259	12	742	609	24	-6	0	50	50	NA
260	8	609	0	-24	-2859	0	50	0	NA
261	12	742	609	-24	6	0	50	50	NA
262	12	500	742	24	-6	0	50	50	NA
263	8	609	0	24	-2859	0	50	0	NA
264	8	742	0	-24	-2859	0	50	0	NA
265	12	500	742	-24	6	0	50	50	NA
266	8	500	0	24	-2859	0	50	0	NA
267	8	609	0	24	-2859	0	50	0	NA
268	12	742	500	-24	6	0	50	50	NA
269	8	500	0	24	-2859	0	50	0	NA
270	8	500	0	-6	-2859	0	50	0	NA
271	8	742	0	6	-2859	0	50	0	NA
272	8	742	0	-6	-2859	0	50	0	NA
273	8	609	0	24	-2859	0	50	0	NA
274	12	500	742	24	-6	0	50	50	NA
275	12	609	742	-24	6	0	50	50	NA
276	12	609	742	24	-6	0	50	50	NA
277	12	609	742	24	-6	0	50	50	NA
278	8	609	0	6	-2859	0	50	0	NA
279	12	742	500	-24	6	0	50	50	1100
280	8	609	0	-24	-2859	0	50	0	NA
281	12	609	742	24	-6	0	50	50	NA
282	8	742	0	-6	-2859	1	50	0	1000
283	12	609	742	-24	6	0	50	50	NA
284	8	609	0	-24	-2859	0	50	0	NA
285	12	500	742	-24	6	0	50	50	NA
286	8	742	0	6	-2859	0	50	0	1100
287	8	500	0	-6	-2859	0	50	0	NA
288	12	500	742	-24	6	0	50	50	1000
289	12	742	500	-24	6	0	50	50	NA
290	12	742	609	24	-6	0	50	50	NA
291	12	500	742	24	-6	0	50	50	1000
292	12	742	500	24	-6	0	50	50	1000
293	12	609	742	-24	6	0	50	50	1100
294	8	500	0	6	-2859	0	50	0	NA
295	12	742	609	24	-6	0	50	50	1000
296	8	500	0	-6	-2859	0	50	0	NA
297	8	742	0	-6	-2859	1	50	0	1100
298	8	500	0	-6	-2859	0	50	0	NA
299	12	609	742	-24	6	0	50	50	NA
300	12	500	742	-24	6	0	50	50	1000
301	8	500	0	6	-2859	0	50	0	1100
302	12	742	500	-24	6	0	50	50	1000
303	8	609	0	6	-2859	0	50	0	1100
304	8	742	0	24	-2859	0	50	0	NA
305	12	609	742	-24	6	0	50	50	1000
306	12	742	500	24	-6	0	50	50	NA
307	8	742	0	-6	-2859	0	50	0	1000
308	8	609	0	-24	-2859	0	50	0	NA
309	12	500	742	24	-6	0	50	50	1100
310	8	609	0	-6	-2859	0	50	0	NA
311	8	500	0	6	-2859	0	50	0	NA
312	12	742	500	-24	6	0	50	50	NA
313	8	500	0	-24	-2859	0	50	0	NA
314	12	742	609	24	-6	0	50	50	NA
315	8	742	0	6	-2859	0	50	0	1000
316	8	500	0	24	-2859	0	50	0	NA
317	12	609	742	24	-6	0	50	50	NA
318	8	500	0	24	-2859	0	50	0	NA
319	8	609	0	-6	-2859	0	50	0	NA
320	8	500	0	-6	-2859	0	50	0	NA
321	8	742	0	-6	-2859	0	50	0	NA
322	12	742	500	-24	6	0	50	50	NA
323	12	742	500	-24	6	0	50	50	NA
324	8	500	0	-6	-2859	0	50	0	NA
325	12	500	742	-24	6	0	50	50	NA
326	12	742	500	-24	6	0	50	50	NA
327	12	742	609	-24	6	0	50	50	NA
328	12	742	609	24	-6	0	50	50	NA
329	12	742	609	-24	6	0	50	50	NA
330	8	742	0	24	-2859	0	50	0	NA
331	8	742	0	-6	-2859	0	50	0	NA
332	12	500	742	24	-6	0	50	50	NA
333	12	609	742	-24	6	0	50	50	NA
334	8	609	0	6	-2859	0	50	0	NA
335	8	609	0	-24	-2859	0	50	0	NA
336	8	609	0	-24	-2859	0	50	0	NA
337	12	609	742	24	-6	0	50	50	NA
338	12	609	742	24	-6	0	50	50	NA
339	12	500	742	-24	6	0	50	50	NA
340	12	742	609	-24	6	0	50	50	NA
341	8	609	0	-6	-2859	0	50	0	NA
342	12	742	500	-24	6	0	50	50	NA
343	8	742	0	-6	-2859	0	50	0	NA
344	8	500	0	24	-2859	0	50	0	NA
345	12	609	742	24	-6	0	50	50	NA
346	12	742	500	-24	6	0	50	50	NA
347	12	609	742	-24	6	0	50	50	NA
348	12	500	742	-24	6	0	50	50	NA
349	12	500	742	24	-6	0	50	50	NA
350	12	742	500	24	-6	0	50	50	NA
351	8	609	0	-24	-2859	0	50	0	NA
352	8	742	0	6	-2859	0	50	0	NA
353	12	742	609	-24	6	0	50	50	NA
354	8	742	0	-6	-2859	0	50	0	NA
355	8	609	0	6	-2859	0	50	0	NA
356	12	500	742	24	-6	0	50	50	NA
357	8	500	0	-24	-2859	0	50	0	NA
358	8	500	0	-24	-2859	0	50	0	NA
359	8	500	0	-6	-2859	0	50	0	NA
360	12	609	742	-24	6	0	50	50	NA
361	12	609	742	-24	6	0	50	50	NA
362	12	742	500	24	-6	0	50	50	NA
363	8	500	0	24	-2859	0	50	0	NA
364	8	742	0	24	-2859	0	50	0	NA
365	12	742	609	-24	6	0	50	50	NA
366	12	500	742	-24	6	0	50	50	NA
367	8	500	0	24	-2859	0	50	0	NA
368	12	742	609	-24	6	0	50	50	NA
369	12	609	742	-24	6	0	50	50	NA
370	8	609	0	6	-2859	0	50	0	NA
371	12	500	742	24	-6	0	50	50	NA
372	8	609	0	24	-2859	0	50	0	NA
373	8	609	0	-24	-2859	0	50	0	NA
374	12	742	609	24	-6	0	50	50	NA
375	12	609	742	24	-6	0	50	50	NA
376	8	742	0	6	-2859	0	50	0	NA
377	12	609	742	24	-6	0	50	50	NA
378	8	500	0	6	-2859	0	50	0	NA
379	8	742	0	24	-2859	0	50	0	NA
380	8	500	0	-6	-2859	0	50	0	NA
381	8	500	0	-6	-2859	0	50	0	NA
382	8	609	0	24	-2859	0	50	0	NA
383	8	500	0	-24	-2859	0	50	0	NA
384	8	609	0	-24	-2859	0	50	0	NA
385	12	609	742	24	-6	0	50	50	NA
386	8	742	0	24	-2859	0	50	0	NA
387	8	500	0	-6	-2859	0	50	0	NA
388	8	742	0	24	-2859	0	50	0	NA
389	8	609	0	6	-2859	0	50	0	NA
390	12	609	742	24	-6	0	50	50	NA
391	8	742	0	-6	-2859	0	50	0	NA
392	12	609	742	24	-6	0	50	50	NA
393	12	609	742	-24	6	0	50	50	NA
394	12	609	742	-24	6	0	50	50	NA
395	12	609	742	24	-6	0	50	50	NA
396	8	609	0	-6	-2859	0	50	0	NA
397	12	500	742	-24	6	0	50	50	NA
398	12	742	609	24	-6	0	50	50	NA
